1000
71780817
15735065
81080583
-18631599
-90325558
-40687977
-18641657
18725823
-35569088
-50759379
81593362
-20586198
9173160
81294031
-15581657
36530012
-29540584
69714080
19487078
20385251
93643579
-69780012
64610692
79900469
28456582
31230906
-38772315
-39849297
-90782507
23720089
-38013604
58287603
-79607049
27989076
-97065563
21211185
68404319
-8798395
-95721816
-26967764
-52234097
-46904492
-7311384
79908845
32813081
-34844544
-55102766
90614222
-13645732
-51458028
-81685835
-82055761
31178151
-94205872
87801299
-53876023
6612406
-9611662
88409406
-40111604
-33357865
19214565
-31944933
-51845349
21312799
-84226181
-22545656
-36450895
65790856
91369214
68064325
10659822
80141525
92642189
43939613
-38203157
13261962
85545043
29935170
-6481444
67999386
-39734298
-69806744
-64796901
-61225576
48879009
-69656695
-36652895
99833395
-34882032
10009303
-18476713
72084233
87836337
-7819536
80928048
62074673
42496191
2486934
-81769197
-15103236
65920510
95686963
99551489
-69460932
73396431
48980832
86539096
-48851593
57314635
-61823106
89855153
-13701355
93442143
-82927820
-77765730
99196705
18508012
-62338775
37836291
85006477
94308435
-61382741
76203078
-9122540
-6718081
53357946
91565229
-57830431
60841698
971029
22544364
-69698013
69285699
-36522715
-7802813
36616349
73229097
-35361643
11021016
14702128
49538564
91347614
-19270744
-57630301
43657525
-13523111
9084757
-54562706
18748559
62401299
98863908
96153774
-30651864
92324174
-67512679
-6436078
84785951
80089528
-43515291
-50334221
8768611
78988384
-76685860
51883181
45192060
15919836
-48229806
-24822643
-88350420
-49755891
-90672948
-18485490
-75980079
-41223564
-36473148
87570983
65428369
-66157637
-88252322
-20390040
-63767211
24533128
57890873
26661646
-80327128
95367914
16331823
39314083
57304220
-54250556
40079461
-10570409
-29235288
2532432
-19564800
97198529
54982377
57824077
30786326
-45334825
-51496693
-23074759
-17617098
46685346
62695386
74740190
-24227682
13943106
13041110
-2174849
-54360321
80244783
42111083
-6641822
-21965247
82707122
7697571
-9253261
65488375
939352
-25987496
-35709682
85371975
93746767
72457020
99551705
5585602
-70914251
53982998
-79170881
21717449
-99350259
-62904117
1922864
-90451366
13599183
3646611
-39012052
-36472486
-20413985
-24740573
78110467
-79776668
-93388436
-95557951
-44137456
52089106
11589586
-88660619
27290683
-31967440
66079138
46388063
18655311
91544660
12434905
-7758398
98631493
53547449
-96934239
32788720
41942164
85031126
98353712
-21289047
10636623
-56416551
-905461
38834422
14087363
-42129665
46952925
-81923164
23493653
-86770163
-36172410
86887987
7578330
-9955430
45146262
-49641041
26165382
6684249
-92157976
6117185
-42746511
38947053
31200496
-42606878
49907710
99564658
60421724
83733152
-39569424
21033047
-84743661
-83983484
54640641
93385797
-63280423
93094402
-23485104
45859614
-55391907
81804391
-98919803
39457977
80343142
83774605
26002037
-25773218
73613269
78568832
49785835
18667696
27342853
-35536338
-47528142
-56355487
21218557
3875622
-11914557
-25063887
-81990506
9000746
-21628218
-96887084
95632802
27866792
17895400
85117177
-27324496
61886008
73146137
55947485
15666913
-5343061
-61348289
-1496284
98389616
-60431000
86712611
-50191240
34536062
3674119
-95758086
81630933
-1617688
73160110
-50455424
-1035269
-99494873
17167655
18394743
5926697
-17245726
-54697458
58100776
6768050
73069738
-94047839
-38055732
-47930733
-513078
21374077
4096943
-52677388
13301831
45774960
-7465540
-42556454
-32702927
-6733122
-78694606
-84628153
36170091
-25072860
7196677
-51390312
4066392
43971602
26730920
86559378
81468212
49095811
-52255002
-78215723
-73384272
-41968852
81907830
-43035528
26719572
-90379634
82179819
-89306899
-6914498
-37059245
-41098074
49246604
41196302
-17213933
26094206
-88781329
84105905
-98817689
32838100
87455194
-73239471
33431882
18640833
80433262
-21646747
77317987
-70656417
46925983
-43965972
-61781468
84463669
-58939793
-2537246
-25061119
86808627
-32116942
68906681
-2952735
-69532343
47574133
87993362
-27747301
-14016573
35325415
-55264103
81523757
-91027591
37871581
49268157
22183419
56184527
30449960
-85033253
20601009
46706151
23859330
-47482980
80170621
23008163
-51390922
-75549146
-67417513
14103513
69897405
76907713
-61484108
-30547703
40897660
97151707
9131014
82100312
97489029
8647217
27869711
88145318
92662374
81296627
-8494849
-22570561
2659228
69114721
81551027
67914090
40819188
24208954
55600338
65588053
-55520498
32741325
-86027591
-54731190
69459548
-59538356
-75776891
46574340
-8269989
-17154708
-70905011
33801519
-96083464
-49825575
27179255
65022877
92569691
86808071
-15818388
-16102428
-21693992
-50633133
83215879
-74649436
29994940
87752401
17257379
-55705374
-22349859
-46789483
-27367654
-84448168
-79448537
44493060
-14264875
-47046965
58175499
67902462
64889347
78843105
70583069
-59478555
61422951
33132023
50949193
38775315
35404532
34406655
-30020851
87638490
47251579
-40765673
61706976
-41487204
251408
-88848865
-52006485
48678098
-9790399
-56218636
77657525
-53382753
30730329
23760850
88107464
-92484522
8644604
-62743934
72171788
-79588260
6045566
-26316884
59164719
25802262
65997221
-53584930
-45496433
66807739
-28505518
27148940
-63780498
41739096
11562523
41630478
-43917569
41333936
-82280787
7852879
-2485308
-512259
-14567502
20359463
22542085
-99846887
33402528
-73062172
25290656
-87753825
-70349391
30047905
-38925933
-79331784
-25268790
-44683939
97201293
98215094
14845373
14138195
-27810889
-24192195
-33500961
-14247013
59956188
93354143
68291303
-44744450
45972983
13174041
-56571940
46897555
81713129
-26090198
-18373680
66337499
-84153618
-56264557
88412801
-72632593
-87023463
64449496
-88560221
16663745
86697025
44098435
-59765005
-28064002
33459003
94365092
67308777
25205527
84065475
36001527
-60193703
16448687
-73701738
13474631
25871611
-67513330
-14844693
88558993
-92384519
41137591
46520633
-39776544
59482764
-99402946
7766270
-92603972
4652832
31277336
-15222723
14406185
51454735
-91587799
-29264236
55921873
92094031
-37792666
60585668
29406180
-2516616
95834403
11286028
15847530
-10738300
64382669
-84747087
-52497994
-40459763
75298268
82085591
-85910166
-26384037
10881091
90518851
49571009
-77474206
-15796331
-49728333
-39653781
54107951
-6748831
96539881
-16643900
86952306
-98353435
-89215203
-5720855
-82649307
-88321348
-41443450
-45480462
47678184
54726588
-72747887
88353139
-19310102
-63634455
60286300
-6152538
97410723
-24362010
83927346
-26825194
11627560
-48440476
37798225
-57640613
41365146
35411250
3763656
79375023
-21046944
79043157
-33910873
-49790055
-542585
-65845875
9727427
-9518475
4815372
28329706
-17031106
71799870
-69217993
52826544
84499
-58936511
56888804
69360070
98995985
34518319
71341164
18010197
-55253535
-28523103
-87455640
69010650
-94355089
-80172655
-96548083
-86458922
-1677266
89827989
-54507491
99803789
-27443870
-58318408
7442653
-3505563
83068391
-31003384
45858524
42953348
82052892
12418606
-38475044
31914250
95924371
62675030
23934311
78264998
67728004
33540008
67762851
-92070597
36846744
-59959842
53944681
74256282
-61829584
51282565
-6275576
98798701
-40711800
64843776
91981011
32002989
43214970
96873216
-64034755
-97884063
-77271608
68460620
11435078
-47533855
5227592
63703921
63673843
-35430251
81048442
-15073449
-27334365
-1485708
-6594335
60646158
15377793
78687281
58917475
-39739701
-85000807
69826709
-62028567
-29829439
53614776
-45210384
-87303205
-84460403
-63467221
-42715786
3933372
41511916
72959638
36552900
42699045
25072082
-71882267
-39717126
85586337
97758216
-9780353
-83943365
-35823749
-76245832
-8328111
20247914
-76801649
37828186
9902293
89383526
18949208
85844125
3842339
-88368469
-75714033
-40289468
-99700693
97561337
95552694
80686896
-66945295
85729439
38810900
-46250270
-9173468
80455714
13789523
58608087
-266867
-56002908
-38721831
-71425877
18695452
-98293339
-75552668
-3796943
60304921
3571856
-62049331
79182873
71243565
66751104
55430081
-58189305
57039587
-58619606
78300104
97208141
49137043
-49883927
-5587114
-31429079
45601412
47096980
60611230
94206303
-15577794
51751722
4643386
74133506
-35845112
20577870
-82213776
-8347941
-79973631
34157788
-30162424
39727370
-12396768
-90477496
31677857
-56481731
-7688474
-59644908
-85525381
-47678727
-98499192
95924497
24437433
68424811
51425757
-50536074
87203861
42184731
35544587
33444669
-71941940
78158871
-53837307
-62399783
-74740558
88117422
-41231343
-49288826
-11933346
12812364
-88965635
10482041
-84051707
-75008932
-90503812
-27281586
64539370
30187160
-90817424
-69901801
72005637
49012144
78530561
7340293
-80614134
-1521194
29774036
85566870
-11186622
-25784667
-83308087
35860079
-38526517
-42494703
-18451823
-59779831
98104437
29570100
-68996817
-68183822
77963321
-55215620
23956550
-23175759
35291998
-10594214
-7120416
-99273399
-6412903
11327021
-89655090
20045723
-90017097
-69852252
-99655723
93637157
32492579
75649174
41907622
-17025621
17732511
63731007
-58929692
-9820070
-44371607
-60501277
46807937
-97827987
-5456796
82514321
68427248
83410714
12459945
95900510
6276258
-13829160
-57801356
61785142
67951684
24390404
90808900
65525809
84280033
-50161448
38217627
-22249862
19672284
-38207813
-36617088
64563003
-99558925
-59955811
75414227
-51739000
60996562
81720542
-79170377
89387099
-71533713
-71473840
-87613402
42514137
4304674
-39276777
86139356
-5813646
17317474
-74456669
13702627