1200
85556767
12890164
88139289
10602187
16368312
-77794141
10652682
77812227
14334345
27696096
-68435419
-70406423
71709685
34534397
-80983964
-7626653
-65160878
58243131
-5075440
-55476628
-84908753
-26158146
-29661570
-6422641
29068285
24799428
68188625
-18635401
-67802810
-69478867
-93176567
17379233
-83792685
-92424754
-71129777
38792017
2467217
-48455807
-56686093
-61567341
-23732254
-20267452
-27220093
-97021196
-86832676
-5419580
-89380978
71494486
22571565
84893687
8501196
89374909
83631821
-50214890
79095944
56455535
-27316002
85717055
-54910895
-66751715
-84779091
-4848985
10324456
-84684178
-93864083
-60528684
-33548833
-36372338
-5897769
15417870
-55146681
65191090
-65561596
-70051680
22658240
63728814
-7123878
56206810
27813492
-37500830
-9263016
-33753756
60637193
24878563
27922846
44088716
-81400181
76236416
20927713
-91803569
18983728
45502030
38150094
-51103632
2769200
-95785253
1350078
-50668674
51182804
87455939
-2650768
84298125
6811177
1676187
31349497
98790871
32214061
76222062
96317132
-27683378
-70489916
53068051
-39820278
51481121
75572932
-40631326
28421032
-60911351
-32587386
-10909221
-52949086
54628431
3635190
53698732
-57186203
-61401292
65037353
-30647126
54112607
941089
-92289489
-28966447
36178440
-65305807
-41912164
-39187263
-4097103
-22138032
52451090
-47732268
-54462334
26472981
-51377831
-14303178
49592854
-20231583
-44084297
-68189252
-13248068
91483120
-42009720
14692771
-55282554
-25375532
72962542
35293000
69319951
-45475147
-53980280
41610169
501134
69263346
571444
-6270986
39733733
-19548930
65535364
-74250810
-94549095
1054928
-99751192
69145955
34279470
44174456
40947292
-24915635
-81397438
-188155
-63191774
-126618
82933887
22995760
-92554229
-94774723
-12086745
86758364
11370142
-462367
-31951195
47036647
-17841095
-57218234
2540279
-92085598
-83158279
63907899
-52706561
-62872031
-69020455
25707702
-72270958
-97211886
23221070
10715730
-74436234
-91920364
-50238332
-65700249
670043
84634684
90551217
-23821903
-16250486
-80924946
-3342634
-11754505
63203116
-95611132
-6941054
-55957661
-70505813
44916431
53084397
-28336447
-35589357
51759448
-48665194
-52027559
-86816426
22876567
-73342550
51632514
-72105815
86044256
-84077633
-35346519
82888095
-27649012
-59376031
-60958660
65149657
-2083153
-9588864
-25318018
94093426
54021537
51983095
-76367416
-30365825
59382352
-27506281
34493256
-39302378
-71494907
12805396
37024605
33198300
66424138
-9250233
-55552966
87332530
61901991
-72613457
-4131710
-46018815
-57018424
56169724
2479663
-48055245
-6686001
96034113
60820919
-7069313
-65930223
-38478970
-37259322
48190080
36904598
80710430
-80849268
16660832
40843382
-64903249
99288303
40093816
567536
-97057901
33706389
64969932
67536345
75847757
-89435498
64451730
-57424158
37926037
-79443001
-47107006
-47559665
54855398
35957194
-24238264
-9915751
-4798987
1320608
81394251
67773105
-20672794
-99258353
16499940
50576271
-34848958
36623292
16415377
24545875
-39629621
27081191
97106367
-80222986
-78643941
-79198080
14958565
26623185
29660168
-89069472
82348238
-26025578
90296233
13508260
51195977
-18154421
-53487121
-3145801
-30622779
-4059433
-40837736
-83195814
64048319
25692324
-97319350
51444775
-24008455
68701184
18934069
-84371860
-44593030
-16559514
-87737332
-92287975
-54016709
64587026
84651618
66639034
-89101490
-5221582
31745971
-82388447
86895270
-84132490
-45121765
99500597
-89392395
-83303324
32635542
-94461707
76499351
72929539
-69173234
-25439617
31749853
-4744379
-1585802
59785639
48279336
-42679515
-51043300
45326272
21684488
26123870
48926216
-5772281
41921720
47646523
-16638662
-97440663
81515747
-1547852
-68696323
52996460
-36414516
6896610
-55606650
-77842607
-86891330
54824952
-78186949
-43644636
-2560823
-83317065
93140091
60463083
-73149798
-10791447
51719644
22169534
10758535
43561567
3556821
54191116
-24154515
-12575731
-92802754
-45295752
80423652
48961741
25936618
-3587171
-43072097
-88419022
91483118
-30515072
-74674233
-21413345
-69774704
-7438008
-93408405
-69533466
-1793535
-728562
-96319384
-91616511
-71128656
-86326321
-62589411
65571205
-22079424
71526238
-81530964
41261994
96613098
16060616
36206682
-68476625
-46234269
-61428566
-10666792
49799450
-48603080
63036439
5488079
38140298
-13854639
14414307
-78043788
-14070909
25454273
-87432692
-74124677
-21727792
-93434247
-92820549
45967959
-77814566
90314123
-71181749
-56371732
-76094243
54154948
79764188
-41491077
-37959008
19872428
-75747930
58236250
-69026442
-45913297
-7051971
-33288505
18578272
-7430806
-14847925
5033070
-37595789
83524231
-56605294
55577177
67552687
50799448
1250727
-16045704
81753623
-5035424
-81721939
57451189
-81534195
-41811266
71361461
48359235
47082354
19389184
42047280
39215826
6861242
-50418816
87394092
27195845
-42282222
7411322
-74699061
96059552
-89055501
-98916403
-42858340
-52498912
94882154
75314438
6780081
-65116409
65477112
18545251
92364281
-85067291
33424198
24535711
-36605956
-78415568
-77608378
30199900
93757106
12721537
-14397622
60885735
72361757
93297446
-2453684
-28618469
-38538844
19413549
-8136185
34772295
63619977
22206465
-63871873
-28944798
-47919649
-64447752
-11904193
83948416
-23621509
-99526257
47930507
-47538173
-89489350
61033811
-75370825
21495817
9580479
-82630708
34682935
93724001
-56311393
76626876
69319220
-26145068
52395689
-59826236
82043964
4841537
-81547082
-31865010
-2338906
90756182
-28358221
-43230406
74357925
4161553
83227255
-94614877
-4569796
-23375484
-43282380
-49691669
72110356
78543590
-83601261
36848736
54632652
25077872
6983483
51725556
38331248
45098301
-52063460
-88591246
54995739
86743224
28026005
-10756000
9383174
76485922
59861322
-33991277
-5415773
-7062587
36316425
20607084
-50842271
89751769
-69892563
-20819965
-31227370
24854400
38523746
24989731
43253022
-81122714
-92637442
-73290269
36269748
-64805536
14039016
-44724194
-82094675
2468783
33530461
49200000
20438673
-27325680
71618408
-14300278
-57258318
78302619
43777448
-28155247
-2238163
-37704690
-56004256
34313001
-19410334
46908979
-8592532
36946124
26738345
-20074032
55331477
48605987
-47002534
38105358
4125809
14524182
-46888407
-55807094
-26510402
54039589
83993915
-20856961
-60256163
64549434
3490845
7121252
11804355
38322883
-20613208
46726236
-4971910
22968894
-39224374
68647378
-45701568
-17074962
-28667301
29729386
6782492
42190066
-5994787
-48640194
-11394982
89726027
36350043
-18411408
-92874184
-9097110
99844305
-37319462
63625365
-97651086
-76826257
-3276622
90790685
-23919516
59425968
31708997
39274441
-27186584
-93368848
93550796
56336761
10149203
-21181077
-34191224
-27040318
73368812
14406171
76646199
45316061
-60203750
-72197249
98351190
39226181
-48900393
-67087997
25907287
-31726500
83456909
-59496336
1315175
-34217033
47272193
870623
54043048
65862548
-41336250
14525409
9245960
5453158
-7166035
47986547
-10928553
984290
76206640
41284683
-24562925
-2025678
50822279
46568267
16096249
-78308098
17651581
-24814675
18303799
-95694498
-6159757
-46791187
-49786745
52567391
72962881
81851855
-21755804
70476793
89470034
19031922
17686153
-40254261
-29683175
71308736
-41436316
65136712
-92725765
77256175
-65827097
65685468
11933725
-4161831
-31651467
-62527688
-67379867
-39521048
-29769299
-46489054
68904422
-33327892
-39082964
-81413002
-45237234
26533714
-48388622
-99314721
38264317
25342768
-2702687
44054115
-18634077
2474522
32590940
8110586
10482493
-548016
10707917
71315798
-66267639
-18153883
-71219226
-99968130
-10158248
17056800
29622008
-24542936
22401246
82023247
76687329
7547861
-21282229
92921543
-91462805
95157457
97247188
-29592713
-88580706
1610708
93852578
-66549013
-20433858
47719234
-27226898
-49080860
57337459
-39290057
57324419
-52174847
-77161681
27366591
97220613
43792903
56203278
-13114761
28325798
7620679
1741347
-45380574
53529854
-1013997
-88072421
46582079
-69224165
-98635390
-86017383
-7052077
47852019
-88759472
42456860
71137294
-33276646
15803487
83392818
11892431
88194509
-77003704
34506646
-65136360
92740704
5185022
5983590
-29543446
-31991007
-43654095
-99920631
-84357799
60185294
26199780
78316441
-30712459
40941139
37418647
50303178
31282143
-41349685
75717579
-73179785
-72887567
-21556681
-62769782
-98033246
14002350
-29993922
-63213512
-5363094
-40502753
-77293081
38824585
-94544991
-77418841
-86935665
-27429330
14085332
9493090
73267292
-66142791
-62206625
54470677
-54696059
46201546
83550537
-31725576
58208519
6072812
48379819
-23337502
-68401626
-31463957
-78513148
38701207
81626825
-39685451
-56509575
81360754
-78483044
-40997974
49675047
-85750034
-61107081
-70542578
99557321
-38856067
-72476939
92005212
42413726
645193
-9719985
-87525039
2484640
11390564
-60788462
-67511652
29201785
-14656723
75665425
96838894
26027
91354113
-69932427
73834713
-84166011
50684480
-21264353
-52697238
47551666
19232151
30545809
48952263
17456380
-57114044
36994980
77923967
-69615895
1984286
-9236376
-91917796
2146795
36053189
-69290893
56003235
61855660
33794756
-82545296
-63421280
-6585671
18885173
-54442131
-65564500
1041636
-4357358
71187188
-12723325
74264842
-18635017
-52235646
-53502815
58584164
-16303546
-44826486
-2701154
74184436
-7947587
19265901
36555838
13930646
-46913080
39989697
93787928
9591125
9236029
20060683
-69573813
6536732
-79072647
1064070
97138121
-75893851
41805677
-97324908
46733237
92877006
-1824457
-15011795
-56379749
-42997134
-75265746
12992424
-53754991
-49747386
-57882728
-64157837
31593081
-20875312
34645327
-94610402
-41119519
-28842679
70489536
-12760447
-27923349
-84728092
25678968
-82531187
-20745212
16514982
50384461
5485458
61425296
-20676830
-91032514
66480924
25404549
-67135466
21883689
78196791
74541936
-52376366
68591295
-68879884
72357650
71352408
-56545571
-56697492
19149012
59383761
98595392
-69427858
82865587
38836840
39898346
-41863041
-28005526
-16401924
43989309
-48815940
-12701971
-54110369
-27046888
-80979017
94344892
-70041736
-45771364
43309078
-20589572
-39920561
-51357124
27817877
13943378
-34711202
-34817197
38506451
-29619216
-74870464
16165979
66110193
-30694830
-69851427
-68562894
-17636159
33479450
32717073
22026693
62613726
42433608
-98509680
93544028
25566961
70445901
43171584
-11324750
-49059391
-7927988
24629810
-45600452
87433084
4860394
-29439051
-66140721
87940705
-57281923
85940877
88502006
28848536
73267865
25594254
-584937
-21052808
-67833855
75948413
10349046
36253780
83289288
-96843024
-85261230
-44979096
36888397
6342797
18840805
-33685069
37271146
25560934
-48646921
62372668
59955980
53841126
-4654957
-40388403
32542541
-41540956
-79977054
-34165686
-29610954
-96262557
75659300
35341042
58389841
-88853698
13367498
-52185984
27258888
-66060889
-15365693
-62116423
-45202011
46629804
-68439324
86427176
56028029
-12748466
65710394
78916621
-12890465
-63327496
-30457720
-33211011
-85872712
-54490087
-30556949
-32034105
-23622870
48370189
-35397153
55434246
-3760733
-74765832
-40553166
-74681459
73015726
76944079
-96624704
6573799
-6137762
-89676528
98281127
31447543
-39732898
-87511445
-38804643
59609427
-17681046
72776160
-52361631
69916172
-74372577
42973950
-99456624
23925686
-94572529
-13695326
-85847455
5706304
20263078
34280173
-41514031
60190393
-21458924
-39326641
60930396
71511722
92518864
92665871
20307192
-73031062
-85944885
24842353
29455398
-87734631
-59237394
-7611083
1125162