1400
69160611
-25853653
53214065
-16210502
-58793701
-53872444
-91444662
4942013
89507949
-39416508
96730412
-95631904
61489631
83986890
44327790
17407536
39309644
20061960
97520529
-84359234
-22946143
95102774
76353756
6945985
88853922
-54358582
91796505
76387508
-20113499
-31771615
53849211
-66552991
-86318480
-88953023
15766874
7805484
42062858
24206634
-59332599
-61821489
-50164519
82357775
-48073521
-89626879
71330424
13450685
-64879467
8801297
-21946585
-30750291
-28590946
-90373122
70210253
-15626492
-24628179
-17625091
-59537764
20954126
16555907
-54394554
-57854237
-89756979
56074779
44924457
96039952
26930977
2835551
85594772
-39837871
59585880
-45393733
-62886910
-42673421
-16865991
-80392254
82661012
-57643129
-51005582
-67585626
54707965
81293341
-1170559
69261010
28078590
32541825
-93101013
86746794
-16484574
10476982
-48843495
-19254886
75176887
-21635571
-40384393
63924891
74367385
-60077657
-7092462
-16961144
10580063
-2900254
-80128917
-46359460
67443250
-65338707
7162999
16189581
96297534
59153731
7508776
-11321521
55482819
-63139498
50449127
18008946
60267727
41465380
-94396726
93028428
17216165
-36706652
4878305
-55473885
93181517
-23406586
-22915525
73065527
9995633
-79023889
-59489938
-36200346
57007100
61685263
-99845360
1466799
11609490
50368868
-11708941
16212399
55250780
47662625
-47287344
79425040
24632046
9741162
-26103043
97866802
-95630383
-80239551
-58513988
-30728140
-12705318
-42119529
-89251628
18315207
75364956
-68049051
8240424
93188590
46089988
41384303
8315365
-4400364
85410041
-84263175
-54286658
-42968235
-47211594
23603080
44721812
85971047
55742959
71632659
1438254
92900777
25474144
-43419798
12067451
17808001
66023343
64464136
-65063972
-68968676
88844465
524399
7599857
-75080893
-64232559
31488552
90479742
96691893
-73163631
19202749
-30106395
-17642986
-96795491
67813476
-21668529
-82051561
-43937635
726767
-72252472
68625588
-43232552
-53720906
81480308
-68665062
75596774
-93528921
73623918
82617507
40071587
-58186226
72316616
18590888
69760443
30375426
-99214729
-40473072
12698208
14056081
-46958036
-1794358
-62353334
89427569
24048314
56780406
89096863
61530240
-5989502
59019091
72896662
-21660550
-52909274
25433742
-64633684
-81692514
50330211
-91539503
7790887
-68752600
-54863801
75414325
84309997
55172975
-75496997
-72212175
60124671
55609803
27812416
2262622
-13267729
77335393
-47360160
5083878
38414718
-78650528
-51852183
66916815
-16569600
-93931403
-84783054
19134183
-30173430
57451778
-98020177
89035917
-15708557
-91823841
-32982617
-4082432
-97097658
-80487075
69161226
-51700918
91303106
86584021
65496606
27933641
50543044
6338692
34187772
-38288165
99227403
-20881784
63395343
81223231
-5921425
-14414899
-19652022
77828619
-2591612
-14344663
-6637237
-6590263
-83122718
-32549169
-31257741
42307909
82747581
92825023
-6361917
-76312600
67872779
-5763341
-91361805
89157844
64984631
2720334
39292083
-54154477
-12068843
-69926370
-36780702
-74353142
-38437777
48652089
-7387381
96445444
-15789212
35393216
-16992296
8559552
-32580966
18323367
75168925
-371413
-60565955
98049629
-32179650
83660705
29499402
31816212
97821773
-6823820
70664672
-66776606
86782665
52778659
-29287633
14861861
-70753049
-47509074
82943059
16629774
55834399
7313799
-12550073
55948874
70596039
77889516
69564308
72378186
23981981
10363699
-13531406
-11963440
71779806
56925407
-72107067
56363291
82990001
-50988628
-74725554
33698642
-6597993
44987967
-16807156
38416589
-98863826
-15410797
-46064516
-77047074
-89188653
60259298
79513093
-44132255
67702928
-46434606
-34540540
-11911245
10959572
-58285853
27594369
-9711797
94574115
-90866496
-17750392
-90220723
3733320
52254575
-72146354
69256826
60017227
-29471691
-54007276
1268402
88901680
4508164
22221464
-72902490
51639844
4027397
10098165
66256309
-15103492
68576211
-86657264
-54915206
68248374
44163029
88040582
77723012
73280537
-17534155
82411286
80839252
-48794054
46516790
-82188868
-28999082
55369310
-28271939
58427355
20982153
93671500
63228216
-6657491
-34878830
71141831
41777065
-64805235
48930213
33357001
-53033671
3690360
-25376419
-24421802
-9243221
-66165169
56613894
-63836197
85210453
27093893
-81639691
15855808
-58464760
41883328
-50851314
60247286
-12381918
-25774183
-56955261
23820118
-61207375
-30021564
-5305275
-22618305
54568081
69103703
25668751
-4006236
-83869092
121457
-50072621
-79664318
90661572
-53067319
20610485
41061224
91200293
29071999
20437341
50280789
87398706
-42608900
70038855
-28815149
-2191937
60301765
-91490830
29478439
48093972
45769352
36046446
23200159
-12851849
-6785007
-7010041
-25201660
32443880
73385945
63256709
37342359
99555441
-80293303
24254837
81338928
54130151
64655913
27010862
-92316916
83405613
88825029
50367935
35142773
-90260109
-42646559
57214343
-7376523
-4790624
11442532
31634136
56045665
-7823762
-59252535
-66779060
-7177359
-68966495
50510653
-21518204
-72814496
44218660
-16857685
42799255
58498966
-88876811
58849311
-13376308
-44992422
-71782634
-73230626
-23177606
-4306580
68844194
85856770
-43192357
-38853114
14981832
-37945042
38122031
-12550925
30648830
-21449674
-96080242
25109623
-86668656
16748771
-79661278
12117192
72852947
76428786
-12804168
3319117
52097689
-74115605
28646999
72623730
8821602
-51484509
-21012972
23979405
9986436
-66699633
61229429
-96978710
-91520059
-83508543
39022361
43713540
44758606
23360323
-17569712
32265326
-95120555
55641060
-50942584
-89853167
-6268961
21176660
58386546
-69528403
50462183
-32007564
-49249452
-90368312
36533786
-57506137
-14198893
-18255466
-7087436
61865946
-59979530
2080729
-90686620
69745643
519409
-55286618
-14964010
11687215
-78586683
23869058
-74589349
80199512
79367939
-24813099
-91989658
18850542
-36515748
44748000
34214814
70025706
-92206546
-34208177
-93809986
47382782
61593158
-94503721
68952306
25766844
5216965
-84770629
-79854942
-4033454
50880055
-42490153
27153968
95104523
33106128
-45463664
33778199
92639407
33553656
53829074
16863349
97883253
-37387163
-44653
20684114
82217767
48716495
34330020
17741540
85671872
39757304
-93916525
41972816
-30682420
88002590
-62889853
22113985
81515158
21124723
31341965
-36511550
-19401326
38247248
-65755165
98481980
-11628601
-47168700
65740536
-10880721
-21206940
-99915354
59152378
-19252679
-36009208
-71526702
42330181
-23400080
-62926712
61131430
-47988670
-283893
46061933
-16426086
-27767208
41741246
-43912144
-64163314
15024730
-94783563
30147047
-74280372
69407464
-26545208
89703257
98247702
98509748
-33817947
34480263
-66439769
-12629708
-67705330
-10049297
-34550866
-10827246
65943883
-9392819
-77801301
94999625
-31690151
60479211
91226069
93897483
13018561
-81686799
8793172
-29524607
69345156
10932337
-87707791
-86312078
-50918080
32491638
-46404930
-93410816
66233737
21871710
-95994444
75527321
-57745062
31829371
-78357284
-14606894
-67606474
34025239
11315457
56746816
73255230
-75659222
-69485865
33202454
32125212
-68192733
51121373
-41593299
-63050397
13742476
-45385814
-68752308
71846583
-26812316
-55718064
47657179
-21814991
54244458
-116836
57554804
-17963491
-88934556
57395123
-87427455
-47633889
-31890054
-10388319
-6250274
-99319167
58962805
-59395705
78231152
58747803
-72737768
29715934
6587873
-85933715
12943854
72450889
-44797795
-24529606
82582169
39408761
-67860920
-41085337
42174413
46066980
18364146
60662503
53396652
82207952
-58975198
77508431
46174133
-5045432
32084052
-9172576
86836072
-22682107
22828604
435268
-38582347
-72141204
-52877099
75851877
3667378
43385223
83838490
83375208
75222405
280688
-82140504
99043626
7470533
52021621
75337692
-1839591
34467114
-95507970
98798574
74652752
-69855240
87036817
-68932030
68274954
73467946
-84972348
-62103534
22242301
97724517
-55620193
8112212
97908229
2551370
-225873
-35510700
5463452
-18554032
-31761081
-65971190
-44378616
94296370
-36714131
-59919459
-94494592
-4297186
1593055
51601621
55476436
34685322
-47703442
2596424
-74702079
-35136116
-88667945
14596649
1651732
-22713637
-85144932
10769496
-44877451
-9533612
-78598307
12791491
-56891069
5280419
-37543091
34249400
6324525
-79197146
-44024594
-12588218
70894213
25338125
66999385
61623806
30285820
65080600
50621873
-53565041
-92388811
84668426
-97621603
61118389
-32434824
271864
40812531
-5522199
15096026
-83863885
-41952629
80767781
17082780
-57619806
10352740
-15348065
-48407123
18452697
72219426
-49813035
97870927
71551984
-112375
91889527
17654152
-8178072
-26950357
-96513613
9145476
-34656307
-44185610
-61487017
-60213122
-62932847
-77690453
-1786056
-67859541
1272355
30436770
5615707
-27497621
94669602
-4030325
-22602890
-42639613
82598029
87764366
26834900
4072788
-27308434
60787691
-65489310
-40406252
40859266
32165906
24100974
90638592
71550198
35322637
-57204892
-28062392
-49102916
-21551857
52501210
95717397
31252864
-1041986
-71321691
-29137070
-7425180
62561393
-2504873
-76451981
-5048800
62328717
56653392
-3365264
-59473414
-83749416
29852916
53124032
-4996951
70719976
16858057
23335579
72873355
20918472
-94883747
90229653
63695834
-71694239
60909669
7086782
-14807108
29233671
69071503
-31172324
72166724
51883595
-19154768
53668027
-56708495
91144181
-53887296
-29660093
-78384094
-46759930
-63896758
-92945930
82601499
-70490667
38445376
97321723
-49227417
-68598081
32991712
41575485
-2971997
3136254
-54362839
76077439
5128435
76755921
91947429
-34023271
-33156337
-30544078
15511202
87709773
54391133
-37118367
-97774071
88611912
-79101639
47408146
45046511
-69808901
-57693217
99550665
-39373187
-6607413
47717883
-6630686
65136728
-55631908
4631004
-3025969
-54684825
6587790
-72170361
91873712
53777714
-82145185
-76767836
-21874416
-28729300
60594004
54072574
-34148766
70682643
71692673
-91745524
-62875446
64178985
94070346
-47871714
795639
-79325586
2624511
-4497121
6729555
-52259067
99798390
44169251
-61788337
38793295
36843698
-33625174
17871620
31485110
31335894
-23197250
33294294
-96530894
42167721
33558316
-71489663
-70278126
-77577037
41842315
26228472
-87708500
39051623
-66293905
-68709160
97252025
51717123
80338532
-96115983
-18069632
45694899
12256009
20919999
2743983
-32328668
-38767509
85656034
40027050
-59566481
-85224702
71412511
86778720
-612298
73145011
53563541
-55476246
30505144
24262085
18515829
-92191766
-60882230
27986301
-90698353
-99800835
53335385
-94255966
78463619
-7512126
86685750
-54358008
35454435
45275703
39549400
4687708
-42496112
66999857
-63962070
67579514
36006007
-47424159
-88886032
-67881213
36648424
-63559628
88278169
12156333
75461470
74324493
-70941000
-84778778
-51336770
-21458588
18478455
45705127
59045673
-27962322
-91678935
23526175
-80167034
93580653
-54884791
96034365
-19185875
-5581284
88232623
52699869
35199210
59840203
49991066
-53666913
-41024649
-44721175
97500635
42654295
79657869
82154629
-52663209
-30268205
-59650084
12086002
7144539
61560436
77566105
94786064
95156979
-41778709
23984691
-59717681
-25245455
13689174
42809555
18343725
56902203
-54929764
16282577
-51841122
76955786
60804537
-9889228
-45276031
-3917005
80475872
-39699607
-90989101
-62935249
-84006830
13191653
79918492
-54533743
-78537162
-76010818
17049283
-59091222
42863081
-47313848
16042829
13400371
-11065691
87341760
-44493118
788213
648130
70950937
79533030
-3273517
53681393
-51497405
6212670
87228792
-66381850
27046843
-87819132
27908429
-75193831
80216477
-78461862
81965049
46859089
96512321
70950739
-55553196
-99564478
82860468
79346610
-66711134
91008691
-59360594
-79466318
42932151
-33751032
26031300
-17143354
-93032447
-15118667
-775556
-51856164
25553883
66620727
-24630212
-75091684
-79778739
-6710354
-63892020
80500916
-52934200
8557048
49262009
-84630907
64271451
-55764743
-41627139
69711416
34697824
-73447835
-30763034
681019
-76044365
16267905
-49187333
-81749400
-74925125
-73292580
63528036
9177852
42522916
56948448
88432681
-6952377
-57288042
-85227523
59463633
15529977
-33153934
-92192992
16874603
67365761
57973892
-91202473
91347299
-95322450
-8557111
-87102202
-9367095
-68319767
-16114442
51292400
79595514
-50101126
-24129952
-27411055
-33300107
48516828
50161983
32322886
77522871
1342307
92970044
-90587622
61286019
1204250
38082411
2192313
83987347
37214207
27387194
26634983
-47270825
98140473
7881906
-64561165
76499749
68116724
74427695
67339043
-61182235
4314824
-57382446
92152055
-29165000
-80807682
6009537
18776486
-45536215
-76483067
92003626
32443009
41544336
-34978315
37299251
-67311907
-22482833
-84601679
-79607420
63035915
80363616
-41419553
58625272
-71434832
-48569365
-57807090
71913717
50937392
-87823005
-10177907
99554726
-14316127
-97831768
61798156
74060597
73247834
89599790
16193264
-50214344
54395933
-3456671
-11584463
-92320584
85730733
-89411236
-39019226
-82348084
51622487
71779488
-99455021
62081475
-50218700
-90128361
46484178
72657071
-52959040
48595775
12193852
-8846458
32751633
58269456
11741330
-4408187
70932603
-19703575
48983497
31051917
-50888871
65161902
-1633846
32069356
97043301
60903877
-54773832
21912550
15111975
-1364178
-95716949
-65888192
55407398
74767604
-9005923
-43037817
-73732862
-63418956
61178236
86602952
47099142
17298052
-15064203
53904019
-91490582
20829975
78623323
62857117
66247392