1600
55431962
53660539
81849441
46961469
18256241
86361065
-48393592
-34538718
23227344
83007163
-960677
76061738
19391379
7178515
-99771628
98447668
-1468390
-59523153
35030278
-62566592
6639708
8736920
3845585
-14366723
21592746
-87482615
4176220
15470164
-37842622
66648380
62121944
-34152087
-69468587
-9845431
25440691
-20648738
-9632534
16154128
41570757
-77306991
-40087725
39051579
-79843157
-71434939
-72433883
25515303
-5832481
-61645418
921984
45420603
-21278447
-46507861
13049796
45368687
-72962560
84931551
-53645206
57209260
-32232712
24200966
74509908
93992373
91336666
-19371704
94454397
47263842
68810310
96664396
40522323
63797341
-49458558
51608222
-47637791
-9174791
-99148045
71499367
72761175
21076015
-89002487
-76241935
47772869
52132289
49461387
90666472
-53091312
79937322
1245392
50638820
-82732336
-61199741
250744
-19516073
59042371
87670126
-5032167
59809702
46951935
-98961219
-43451558
-565581
-97427865
43781102
87538713
-2238370
3953319
49079308
21936508
34820983
-74906007
69835170
7886669
11609095
31028377
18111862
-47606347
-1771721
-30075892
-11628215
96921382
-341437
8550569
-72894030
47579926
-94062463
-1800902
29583348
69288714
-8056565
-31846380
-54966906
53388369
69194993
43272292
-49609389
27758116
-88161467
-97346782
78856784
61088159
-98850868
-41301818
-96922307
-73931157
90360774
-88604675
37028358
-48449408
-74390375
-2674820
89033452
9345416
-85345216
65117580
77998671
-41174336
-52857040
34642434
-94120314
20864078
-25579977
64993828
47674504
-46733796
-64197279
-8852791
96966578
60346467
14051531
73631991
-71276977
2825775
-80274792
34213827
-87314021
-24622274
-11401987
-41051308
-98541397
-51745665
-36716102
-29952035
15742389
2343150
-24928192
-15509784
85616212
35388221
-25995517
-1185140
-87808417
-79854229
-88412378
-56301992
7259330
91065047
75663108
-12663826
-7261086
-21446209
69370539
-74449191
-51272064
57231300
-82334959
-91715240
22670239
28091984
-70914669
43827495
51314276
65114541
23842299
-45221910
-68594974
2665339
60285621
65688038
6561175
-73264498
-28184972
-21280739
-45009173
-13219015
95284282
-90856883
-52471518
77797039
70784952
94156459
95017228
89182229
53098652
-46258217
88871293
24119595
-95262926
-12430655
36195890
-44793638
-13931105
85273536
20459169
80163815
98296040
83059802
-84635798
-93171764
-43408400
-48327831
68533735
-32165846
31022895
78785875
-6450939
-54096260
89710583
-91155894
-140854
-22451360
-16993133
42572104
21425206
-66779155
14317505
-98033031
-2937037
69176344
49220911
-25398193
6445073
81654038
78701533
-86645820
-61027396
-59014947
-72099602
-36592820
29503601
74324342
-50435488
-33455676
-84276960
92725927
78641152
88299159
-76160522
56160897
-78998298
74133111
-33054039
56071444
-51570578
-1662098
35297589
83296125
22320114
27777269
53321034
-22690117
88513176
-3884432
-65306202
-93377652
68902897
77220533
-1991507
12139381
-11315334
-60179034
40401055
-11250107
-77068900
-25595143
56431482
5053168
-49019277
-52585479
-16766060
-94716218
-43543575
-67864806
-3968242
50947625
28440702
-69681540
72186278
-65853236
95242484
58386225
2901639
-77786111
67713506
-84136438
64625900
1853931
-80157523
-56617341
-6918665
33829977
82005367
-7548409
-23451578
-14793497
97859476
13375705
58446000
-29114664
39905399
7157057
-44687068
64035399
45145108
6104677
-78715183
95495868
83386897
692276
86439148
-83000640
-55742377
-81401427
-75019059
93335776
40998749
-86198947
-46138450
-9153938
-69583013
26983111
6905969
-47917420
-96276843
34222535
27946939
40987042
16746967
83062867
5273356
8726545
51725952
-65103748
89817222
84907582
85286033
-63679194
99461183
-50498137
42926453
51187927
-28784403
-5309535
-98787324
21844808
-22099067
-20519232
66050015
31010250
20732367
-87479280
-85798897
-38083123
79916035
-45055389
24371859
-50910107
3471729
29457294
-22347077
-80012983
-74604046
-26220353
-40520770
-94955876
-2496870
24973914
78551843
68735811
-83801247
-97148170
56988976
-90811847
-99045954
23910325
-83748305
24473341
-27567887
69139576
97251132
88267591
84620174
-44547482
41820245
-35352266
-86253959
80188397
55522654
64087037
62076168
-13264861
-20699834
71139337
-87953770
53843565
-63522904
-13402586
-70292611
52520924
93858189
-13322434
-48973281
74590605
-40084992
-37864519
9309573
92074242
11207133
-50670929
2899545
5527531
23407513
-49299427
-14202526
-94207552
-23299897
-90137574
42218570
97309319
-61845377
-31970043
-37337059
-78989552
-57400528
-27150706
13937902
-84151533
13175414
-56564617
-73187668
-38491793
-85990268
70403749
-40885728
-86853892
73914334
30136959
84812559
30877203
-65222115
23817526
63742724
-80912399
-626588
-87575964
-6954699
92439649
91996441
-99977202
-76022320
-23144711
-47243763
54339615
4548249
98148781
-34319766
-80656494
-94443492
-32629617
33984342
70993619
23444665
7469771
38973786
94959361
-67624922
-15231174
7613618
-48478969
60189696
93001857
-30239040
-20747233
49275741
-55182464
77823602
58650509
27428085
32671851
-99243419
-45330202
51238328
-95769349
-66473629
34499777
77537217
-4064832
-12380819
-24216878
8555884
46407707
20078093
52191465
-16841557
-19145307
59819161
80140864
86410550
-27957031
29350596
24441552
-55325234
-28634902
66423344
-81325909
-94144011
-66041122
23915681
-56750129
-75787949
-57849541
-39836465
33916758
-66243389
77959131
-37486680
-15499385
-48345803
66179389
53157420
-25103192
-85904259
62782135
-28374940
-92899527
-49311053
-87089366
-65755274
14777663
-79166659
-48008291
-95488317
-93479604
68640253
57120996
-99790798
-35416629
87923074
-51044436
-69100021
72291698
-4763519
16878310
56605683
56397320
-61116331
70181212
-35245583
-50623040
13927451
18935176
-66546773
-71034773
-44125650
17739448
77120194
11599221
-2760479
74713738
-95141233
-40551993
-37916286
51835066
-28316522
-12956600
54230406
-41130463
-45381899
-9702207
-98684438
-68243180
7921678
36543353
11284895
-18996138
27045245
22626987
-79321627
-63439898
75399852
-38127536
77295287
-42589656
-62362160
-15875609
-46060775
10469040
-12101333
-84135631
58078999
77232526
-11490325
27269534
-25455154
29993666
-28165660
-90498074
95797219
-6840720
-95263962
-31795227
97484702
-10517058
-86902197
77999846
-48923902
18940789
41133250
-84647092
9050615
64634054
42211894
-3356129
-15352185
90498884
97195603
86839161
95674174
-25175780
81521013
-59104134
5213157
-71466536
41342251
16381398
45015671
-6833018
26433391
-69295851
-37318522
-68832292
27750304
-87116162
8803667
21390586
-77028142
57311405
-15290828
70547658
-3204502
-19976251
24670871
84190080
-26205656
53740397
46557128
88731785
-68044390
72868143
23539011
-50703027
24213466
-56937566
21759467
39895699
-63279097
-18603927
77867960
55731549
-72889622
-64445858
-77606400
14937199
-47632377
-11680184
-49695235
-64600781
59714913
48001762
53715310
-82767530
92173497
80985723
-46489631
-14126258
-90121655
98713975
-2051422
92539824
-56649285
3053765
78495961
-74552937
-61172509
20094471
-52152135
-11418883
-80242644
-8021372
-37366785
48427456
-43822712
-78441677
-52718685
-96816767
-72013883
43864659
-57284649
-5174868
-53809665
36521818
-21270567
27834321
34237952
-59069084
11126132
-9693189
-56320346
22294321
17963231
-18739171
-28426260
23295474
-23805492
-41392420
-96199822
96653205
51857140
-89840057
51623910
-29308557
-98891285
74321019
-3949759
-28218376
-56651201
13306063
8926925
51381531
-16691056
15244161
71091752
-4111977
-35340924
95978714
80687946
-38395633
44407804
-5586201
-36685576
-38777183
-13015330
52706292
78770262
50744042
-91527495
-98142897
-53476373
-50491220
98926
-20849150
-2474634
99766689
13484466
-27902019
90028710
20875817
-58365009
-54296751
29803691
-87040331
-82401926
-73174045
38221870
-26676784
-68771548
-21232708
17543115
-61135283
-93821731
-92267829
-97301733
52119143
54613893
-2991316
-19229699
3028839
-63824249
-81345992
70565871
29069748
34489108
-44944485
6869385
-1191719
-17225010
-80170452
-59358324
9691076
-2965199
29285413
51488273
-79426581
-59891283
67960382
-69714815
99070090
-41310416
-96864597
-37679106
51470730
-59187525
-88413455
64452650
38903546
21300884
64789520
-94270310
8853108
-18464609
-82030980
6220325
-39204097
-89925901
-60051009
-82356502
-20184451
30875074
-51990283
-25506432
4744874
61953882
4552440
97044307
89683824
-58178116
76925918
-15871342
2189107
18074550
-33600118
71755893
-553998
62792223
-41045776
-78715884
-11608937
46249339
83648690
12024943
-94207616
50921579
-3600734
-75622555
-84680834
32576298
-33076750
3592064
48759302
9276081
-28392663
84572093
78365617
33001792
99391817
-41071893
-89758650
75443426
-34280034
-51738606
-61390727
4333680
71587988
64234813
16493025
-72428326
-41935839
-10529093
-20795398
-28867436
26481998
-83979653
33211907
1408387
72234794
-63620404
84214489
-74733442
-15403408
-32906890
91328229
25571997
-43658086
-45986928
-70779775
-98598787
99945686
56177723
85239961
-11849742
-46788073
-3191393
-61346945
-8066090
-32576557
80052120
95383390
20764921
24160082
-21855738
-35397071
-74748424
-61564988
5081515
-26195338
99342514
76511505
-21524052
34128532
-630491
94762059
-27451765
71827754
33239100
-35869113
31158045
-21784564
-79858163
-20247289
-13349866
94275554
90685057
-67782392
20944255
78711916
-10754947
-22303329
-30708770
55293407
-64095822
-67532657
-48723204
73792717
-73255314
-99192782
9520160
-43740022
-17981424
51505677
6255471
14360215
-31345615
-70706330
-63291136
50515632
32997215
60972680
-19084041
-56398246
85538398
8508600
98474961
-57971185
-25620060
78315835
-35964406
39377864
6653863
-87291312
33124681
9656771
48016068
-83468999
1489650
74439323
94848875
49213236
86131149
-11098815
-52540944
-88297675
99736702
-40171812
12139243
-11454471
-34892381
-17285914
-1152934
-79051500
66707013
-79241408
-72389315
32616892
6535201
35673311
-91051604
-13787528
30132590
46513553
-89193186
-53703274
27153460
47559769
53865594
70729284
-98807024
-35824270
-77578630
45402713
-5244440
-1151836
37714955
45384914
67240310
78784525
-90005954
70049610
-32762061
88067236
60116636
-42202773
63271762
-42275018
-74194274
-51996513
52991057
-19548375
-59837962
-40157978
-82881776
70782648
30645064
-94719729
29067367
70034367
29951300
89595292
22793949
-4252204
34893800
-47838065
47321355
-29283875
-3792924
19799620
-56580418
-68966401
-77256084
81499872
-48951624
49809902
-83999577
-32557695
77020253
40302688
1993592
5166798
69597377
71178634
-92684149
-29613597
29691166
94545663
-45856729
-3521391
-21199842
7255266
24301119
23954726
58464586
-88084941
52029139
-36387444
26613460
64253617
-91639906
-35887053
-67035150
-18098573
-33009301
65714664
-85691379
33284495
-84050847
16233068
-91292242
-49279660
-1638671
-20641497
-75226686
68930170
50166538
37068233
-40768215
-90125685
40506319
21132531
4407177
23711006
85994009
84579840
82679138
-48033247
72825709
46016743
97456853
-38588356
20510405
68916608
81847140
22193467
65132379
-47073927
94721718
18703815
-89932780
-28385423
-33320751
-39506075
-48399158
39666054
55210350
90318555
50442936
-54163272
-60303348
-19082866
-87735568
-41659143
54242972
25855590
-22063780
-36999120
73216264
94192652
-52783203
-11826027
-91490317
-57949471
-18748485
50475720
76387672
98976787
-71452427
87785147
-40247700
6720791
-32512854
79114538
-59484796
79697925
77305093
-14125082
-84836720
76410087
-67269836
88608799
-11307639
3832073
41434714
6771390
9171833
-84095013
-8336975
10480181
86145792
-490820
29701987
-56067847
19032289
57048004
21616453
34827959
30175909
64501729
-70920281
67018890
46391210
70312085
-89904480
-63169461
-93853396
-78188830
2530023
50670167
-84289588
-98805011
53747016
12490501
64349326
46212786
-77073291
-22634020
96559278
78058450
-54907857
65143604
39671504
-13528196
71321525
44463205
18302620
24001221
-23578747
54794582
-76583855
56319297
77078763
-13545840
58210914
484895
52619691
-66304141
-44685096
-33124353
93207421
35578695
-44963965
-50974952
-35475884
-62987425
-38337215
52468438
65545970
-53907582
-78279469
35582755
48766713
-41457885
-15351995
-38116075
-59249282
-73395669
1895776
-57869154
-63181880
83311182
-47481575
-5967654
-9070884
-80675034
-38045031
-98241663
-34336558
85936087
40895083
27164455
41066636
37126561
-17484934
17487284
-81936751
88940444
-24439651
-14211104
2185207
21738868
-77029309
16211723
8661337
55387767
32351760
-87381188
75569711
-60540317
-99371258
18270503
-18598570
-90321893
20792352
8041302
18089753
18459190
-73672035
-45292151
36665176
-63208993
5996778
-74626529
-38721769
97268041
91683656
40640476
72954870
-13346276
-93347370
70101883
-17851498
-83737417
-79941268
30556863
39901906
38041757
36957900
31056398
91977410
-9718240
48733140
46071828
-32743724
-64093264
-5586314
-59904704
19152713
46778502
-48656034
81843756
-14681890
47437820
15796678
87219621
-24159850
-31267966
-5953708
-22616099
-23911247
63604257
-10885896
-17325284
-15818576
26114961
-60899379
49685874
83025561
90400124
92441185
-264244
72264265
-46820788
-42490562
-88380744
-13666594
1494564
99625932
398147
-94358567
36134005
55028930
774923
63576594
61082852
-46544770
61031242
35787171
23682981
36517536
60592830
-25081066
86571434
-45327256
89866970
18344895
72875236
39413801
-78594857
-54442401
-71709784
82384003
-9248745
4567898
81828342
5049974
99174585
23275874
8205061
-96774182
-92673950
-49591655
-54765347
-19766923
-65743049
-95450134
9757920
-33188850
-76029399
50695795
-73151588
-9262759
-37713476
22528162
74903095
-7202012
-74925872
-63634366
-81998066
-30231552
11538041
81616333
64792459
30315821
2520494
48515611
18071606
89033258
14281188
25174326
-54711515
63043563
3479245
80739690
-32718042
-84140628
154004
-60110152
-61001682
75187980
-7212556
-12159203
69117280
-73072031
-54845826
68272071
-49245366
52717160
14157964
29393483
65373229
64760755
15435306
-52783844
50722007
96506354
12737504
97939653
-82539488
24279736
92306906
-36070449
75393198
33344971
-39120681
-61277800
13119337
-98392404
35324035
69275364
-41628481
-40081375
-74246510
99068772
45289821
14258062
28022448
-33417881
93652645
-64831286
82691114
60203283
36664757
-4734951
43303935
-69726796
-16159689
35839513
10320393
-81406232
-46873584
-62877392
39905419
57242906
49349462
-75764089
63896391
75187066
59686528
34020445
-22826853
27404144
85893880
1878215
-45152593
-48786626
-54040636
82853274
2812897
-47389360
-34214197
33674376
49983621
-6871267
-58292809
23172234
93826706
-94143218
-17593171
-44487101
59636058
-94536075
-32627542
-82570245
38186448
18671830
-99123732
-71948482
-31762155
19654096
73938448
47361408
62605998
75215361
28445717
-57890576
-50371956
72707466
-60916851
85412252
-98413474
49995268
-63396265
61169085
52217412
-26393948
70728513
29307516
-15157525
91651933
33851371
7356439
-39589805
91029254
-55267614
38818518
-71074122
-21168879
-56002883
80819743
19991655
-28860984
13707846
-48720468
79331384
33334718
-37149969
-27932963
20421658
4128767
64196197
-85941534
-82702688
-68801940
80214807
94842785
-32214531
-69589559
61164254
37900245
97803594
50501714
6298942
90636230
50462135
-89526191
-21916679
91712570
-45382640
54108196
84180023
16077669
50723042
63898586
-70751628
-72299215