1800
-60130187
-34111002
90838965
-28613409
-24168315
28327821
28109949
-66347989
-2301958
80109954
-67267688
57086381
-96390354
-40274636
-90110849
88838086
-51783199
43174496
25037052
-82566217
22665143
787285
-94197088
-89496837
-4064048
6425963
30966608
7833841
30419479
26553027
94379457
-43013532
9165740
-89291549
67882313
-68745230
60328675
18010155
67378638
-24037650
29088607
-16845675
-27968485
-84480635
-95886766
77639628
4127474
97236357
-16754726
71575627
-94498041
-12494736
-47232926
63307521
-90316412
-69086047
57125103
8880804
71832650
-15001514
72124219
70061293
-91612942
-65215389
-32846469
-67823383
-45912253
60216222
73639668
-77039370
-64567009
-54219376
15246283
-15669361
19925116
58623217
-54904537
-55970863
59258455
83895677
-90186563
891307
-18351548
-85499598
53481813
39852718
22997229
-36651464
-40141432
62872886
14225113
-95069653
46224056
22045357
96799666
-16885808
25725958
86773803
56835848
65179271
48315300
56600237
43650493
-3938129
10386168
-31233174
123453
10358962
-74011672
65949122
-43849629
-6268332
-55197259
-55815835
32244457
78861587
93404413
-87512701
-58733067
88236669
-61488774
-97928343
8261997
6485905
40445960
-45757031
97703301
-35196606
66851460
-23029786
-30737585
-63551799
-80101916
70346084
-39817235
12623116
-54661275
41644890
53221198
-33687351
-6335255
-35156565
77392626
-63430558
20236458
28935176
11597065
-42024413
-51098888
-14674964
96477762
9342494
16219867
-89636341
-66269690
91221815
-68560289
23258751
61699798
58886444
-21363183
-60772091
-46476345
19058545
-17537384
53952683
-75795234
55810069
-14170703
19220474
-27625757
-6326465
57401263
60483461
14993131
49028059
-9615076
-65452361
93363638
90235831
11807941
-86055210
-43891792
11216774
-19076988
-56604519
-28704357
-79141478
78954021
-90577494
-36051429
-97077594
62548732
-40109597
94406751
15870077
33206718
-54113185
-82375330
54255129
-23043101
-92603152
76065076
-25257038
10756698
-91549363
38241657
-47232839
13354431
64238114
-95825044
-84465622
-76688184
-98704478
-11448136
-58223374
6852469
-55268978
16527572
40909211
-55240512
-37692203
-81256738
-82587387
52140977
-9037749
6945981
2126244
-58750582
-63270340
15298358
-29388249
64702465
-47345470
79130450
66696924
-47497577
45295755
-66154425
-20367682
26831539
-10851152
-98601145
-81104682
-10139686
-59648933
-18305135
-39963085
-85278558
41965737
34028907
-52186834
-36196638
43427649
33345526
14278338
61363354
59765711
77919434
5021127
-9358281
-46506124
-4083809
-67814052
35263908
-38857439
57375374
-8140518
-79095339
-23378913
64076903
-17827009
-69289554
-22999784
92981210
53344885
-32158522
65103898
54403109
34127363
78330224
-69722552
-58223780
-70455506
64909644
37700961
-58888086
-16360219
-93692333
-67029763
54025265
12055651
-11734073
33915122
32809756
4041199
-37757999
-76086788
-98090388
5606534
-82169215
-77807082
86681558
15467171
83050414
31153040
7241581
84086110
50464804
80069244
-86407630
-7340285
-1885426
-48695431
37262883
13506187
795999
-18565067
-46879578
-51012147
-69594016
6087489
-3662767
3413702
27816096
96669162
-2403167
68867375
80722634
27259192
51340015
-83515977
-13850247
34724009
788446
-81880555
-81359477
62756415
-53862780
24108546
-29863708
-82303167
-68264121
96828854
23247728
68417973
66536631
-83465682
74217734
-43906836
-71029682
-4863041
52787365
-28858985
-6432343
28278825
66034982
-23045721
99246063
14606915
-3944342
-59714721
-88873775
-34033764
33777140
-25601005
-13308464
10306165
22359557
97169543
88553853
-37510183
-95877095
-7497608
-96884561
-19195030
-24330941
-97629594
9438662
94786462
-35951701
-47520098
-24753663
777565
5337037
43221283
44099539
84046130
-93422164
-36075843
51323890
-16795395
66189778
-2955759
-41846161
-78216781
21018048
94454898
22664102
79449178
94758393
10635955
-5086958
-45583745
494845
23537759
8632841
19004596
84537954
-1886872
53335383
40628910
86397779
87009998
89863535
93936006
-59574510
-62104049
-61932182
-14474574
5269377
-88507034
89168577
72957853
-88174921
77842187
20022876
-57475130
89593208
34809462
-90516132
-79232384
-3543227
49134782
43088661
-3846690
-97214578
58715305
38005412
-7106379
-7652068
-89890879
-49081187
-42070681
-15474935
24559289
-10517163
-1273286
-15137589
66488525
47063742
-17082678
38700984
-71399244
-50672167
-34344682
-19099597
-16375844
88231556
-32414745
-61030117
2729579
-96484578
67390967
45533254
-45592552
90089430
14672210
-65711490
-94803027
31751327
-95493739
-30084412
17307241
-46253756
25268221
26388444
-91502732
55558984
25252934
-91948522
-36615730
-197377
53583873
3184627
44589985
-96624634
69142284
-93374508
-277084
59557332
28165842
1968529
-49332428
12172620
47424578
63961989
-10195000
39477902
43688719
97292242
-59607061
37855730
-57677147
-57975246
-27723448
-58993921
-90105063
88037464
33120939
-82179991
36634916
79286860
76721487
42523766
35300064
-6488335
40140602
-12627440
-38733020
59548735
-17071500
31577611
24479979
77190934
-75939600
-24458974
19391962
48047254
-58385449
52456931
-16837698
-48898284
11734251
12599066
-36339829
-74762955
-12188016
-99047063
-97182236
-4401494
-58776045
-652079
-2882165
88315285
-26600148
-35797434
-62876970
72266372
69157412
9775258
-91063499
-12343246
57503592
80050835
25647156
67949759
-99318440
-69041238
49373039
-56492174
14108360
29262505
38472577
-49004975
-4339460
-8805749
12879223
-23088962
-64760719
-1345214
33776491
50320816
71038447
-19204111
12344993
-89889364
-52893576
78956330
-67974974
-52465956
72414218
89326691
-18179253
-37758430
-6180685
82991318
-38348726
37165027
8688286
22438467
60570583
98297170
18958601
94510772
57054084
-88649146
-42424697
-64341550
56789239
67326988
36754750
2569621
1120316
98319808
66378130
-57716702
-14385749
-36670962
95151815
26627732
50379416
74872312
37746046
-58307748
80713976
-37373560
-70414710
-81252784
-27240501
-25642651
-2178776
834944
90967640
-57389081
82819354
18274363
34752726
-89587322
65814965
-14270232
-64464757
-49403758
-74728066
96039384
-18706943
14093850
65833675
54859041
-46985687
38293923
57960841
-62519280
-18028476
-72482063
-49012799
-77618830
11136383
-86433018
62102181
6524699
-28672751
-96435380
-88365475
-96656786
67153877
65491633
-65975791
-39869054
19588728
10442454
59409340
-95859393
43876374
68044498
90589685
45884120
18328520
54788008
18901537
-21157030
79646262
20527570
59417866
24452340
-33841681
64115937
5939191
-39122290
-68868454
-33424079
3277200
35587222
-94587087
20685128
-86239855
27823797
24389812
30536592
-65050522
17255064
38372254
-67292434
-48432739
67547936
1480526
-9060805
78160277
-62256244
-13291570
-5530705
45754331
36674358
-76394196
58689801
4303350
30820745
51475991
-26200451
77901196
13587156
-94206316
21701652
-35662421
58275978
34237323
-84223247
65649883
14543433
-4637042
71128547
10727665
-38792581
-26925817
-53076204
-85362173
96552407
57540067
-17214389
-74825446
-94675296
-56848823
83440262
26005376
-43608671
68035140
-47452991
62948052
-92553595
-83926662
-23672656
-79312561
-17829305
66861853
77799168
26590041
16915583
79007510
35182246
12762154
38267805
-76767237
-46330525
-61378472
11352654
13525415
44759747
15688537
2136977
4482345
14281602
94381510
-51258449
-32703558
53822311
-36561682
-96137768
-24320155
70626361
-76839421
93027307
-98862806
8503333
-56236768
-56992763
41687927
54294360
-2093457
34244146
82877491
-64244981
-74122327
-45746016
-40144404
-12999742
41289985
-11784266
23941526
20128721
54347506
-63926105
-47116533
88439498
39307716
-79238350
-56655958
97715454
-22569382
-24444535
-29384997
48596694
-1457394
-31048753
61143543
3471466
71435404
-94823106
77143936
71521249
-51405123
-65444646
-23604114
-39243418
-95555860
91923700
58754539
-48020591
-74128359
-14273483
-12722383
-35787280
-51420926
-52094609
-27225388
-60601305
15645702
32332571
25315608
-6681171
7748685
-44442845
82680103
-19756583
-38458052
71563493
5289114
94795344
18836182
81955492
-70345145
-25853250
63665549
179001
-58770654
-1230245
93150326
-59592611
-23907499
-26856152
-51348687
3405423
-43884165
-47646310
-92461335
65262713
22486186
-48380724
-92161839
99224625
22969898
16483739
-69379361
69351743
-53976436
69828038
69806570
-18069251
-85923764
-23174444
60123190
-82069177
98987618
-6279317
-94415393
-55676724
-24978292
-42395476
47321015
-67258722
64045673
-86306936
-53315044
59423876
31601802
31409201
56627154
-15408539
-91180800
-34127374
71762137
76917325
76779671
-84404299
25640706
-11428195
87592235
89837404
-32627514
28551308
34116556
22330175
8695522
-19253518
-16701558
-32082592
50657174
90274484
25085758
32487945
65592922
99771037
-71723966
38952444
81052856
-99375136
-51403802
3819593
-68139943
19441604
-78706510
-91600747
-10161482
14651535
17756952
8942199
21469500
26790812
-75140337
94282766
47095012
94378880
20535302
37321944
55138193
49874661
-27579856
98919992
-59228441
-56332484
26645196
-64750348
-83368976
51306133
58604466
-6949375
67391801
-92122385
-25382749
-31174380
9526602
16748919
10115116
-80000250
56786485
57799343
-69009500
-83418212
-68612094
-66777240
33475588
96715623
28552155
23960214
-62638180
97030739
3579458
47345828
45673318
67966770
90066956
2624658
17464268
-11263345
-84755771
19869637
-99868797
35824446
53061671
11713694
58276297
-3838152
62154866
-3819246
-57469714
-58694471
-62872405
16024180
-91163605
-85530493
-53651329
97728747
736096
41236374
-85367955
-11725753
84097589
-21850124
19195701
35717514
37772356
63993575
-16729985
-30909996
77692771
74801032
29254285
55645384
-13507145
-45370354
-5069547
3146648
-50935112
78219189
-80250349
-43511140
57876912
48407179
-96147387
65880456
-47519944
29015529
90102646
55898294
-81650461
-11269779
-66727597
-85820338
-98622466
81703132
-21279057
-76806701
35695638
46930004
-4297960
-6837938
12233773
44575660
57371060
88789220
43262963
22311091
59590925
-50578299
88348017
61340416
4684999
73974793
-84639504
53186975
59710975
87847807
45702813
4221923
-19602477
-5823313
-48317756
-72623881
-43270036
-49246642
40669865
13771029
-38602828
-54739449
-91990577
7317197
44897368
81364097
-43372846
-24952109
-76550928
26833065
54186965
-86189370
35023219
9989452
-23994912
4880611
9824823
-16572667
-86198500
39530278
-68613659
-93261298
-87049081
85731060
38236891
54781926
42038055
38802513
12498342
-95177599
-38266098
36615808
66882752
21400409
8791821
-38865687
43337519
-82637266
-60586805
-20274170
-84777300
-92330181
-8441274
45620798
50148647
-28042329
51010600
-6199721
84998334
-13723043
-88262638
14809057
73771329
-18014797
-46875156
-77223490
-39965442
52813377
-15448470
-28226754
-7757287
-88414244
-32931619
-36810434
61823513
-20469798
90680957
71382703
-15219284
-95806461
43114787
-33963048
-59727069
-95638374
-72030525
62599663
32551189
-67497035
2183666
17584963
-26916690
41112361
16273832
45897879
92616745
-36461403
37588953
-10248321
27426622
52214775
22686403
40102559
36283644
13610083
-85613391
45877240
-9642420
-24862971
28729437
-56060255
10326570
-73744630
-960530
-38313595
78632943
46413779
-14303121
-59806048
-79407547
13380728
2422256
96880291
72708641
49291007
-25976125
-61840370
54635236
-43451364
-2095467
-17802733
31549923
12175949
-26870180
-97861105
34417801
-46202392
32144893
5557484
85822615
-70262094
-12866662
-79131412
7950125
-66879143
10531969
82761984
-83895024
5186680
97844129
-92855199
-69899347
-45603716
70272417
95856042
61920000
-16651780
99546464
78671946
99986265
23506665
51067157
-14888551
17973913
26952902
-56092639
77552394
46622964
-94578750
82853691
-92213663
-63496668
22630047
-2959747
12934943
-36516407
-38709924
-53916185
-34803374
-77617168
-55358228
-52817480
583464
96942321
59541445
45650015
-43490799
-50733549
61031917
-10102127
-72862399
52445780
-58091967
-92487909
-71251360
72580392
20702635
-29424011
-78166723
7852480
64581443
-31111794
-83833229
4176576
-32277375
61672927
34191533
-74220064
67959431
-55415505
86471064
60615867
65773222
23279066
-42234626
-10049478
29861396
28014710
74768319
-72879442
66736843
-15122926
-50593494
33996175
-63861284
-17209873
37548912
-76298702
-59220458
28499024
-59093843
-19541579
-7945035
31911883
-26996347
61091810
-91623791
-65928069
-33269298
61872868
-146371
-79536192
42309474
25455175
-50419918
82869299
-96415343
-60060635
-32473642
51947201
79607704
-62697515
18528224
-57845496
53707207
84812557
6143775
-16305705
-62586024
86494406
99415980
7318205
22768651
-43197187
-19227760
-34737525
67141905
48345346
-92235122
38593041
37776175
-19525097
26515808
-68178273
49937212
-45466232
-48994411
-7299511
4810593
-42241571
45294246
13683408
-14590939
39911483
-6723039
38629683
-82035800
-28687059
-54644794
-76226484
3446832
89892014
-68522017
-83890575
-6051860
10255159
-4620113
-45638982
-86719261
-80276218
-29187133
-69893790
-93943079
32578337
-28581325
95795244
-9677036
13513907
-35438643
73912739
-89640451
-96182101
-39569902
35710242
-34486049
76267365
-64303457
-10018975
-47391156
74426012
59648386
-46229197
-44540219
131667
-5013346
41274056
-87882401
4969366
-79364179
36860873
-15506903
93756466
94686100
97311829
-48100673
75338302
57399945
84235987
-21422674
14982651
45151347
-9161523
-82710276
-10214116
-33183304
-5412757
93510427
-17181625
-45753768
39708660
-94348879
11048781
77342814
-87323985
-1091883
86529056
-65945830
13776032
14143104
-47657715
-27539377
-70934633
-65008832
71501763
29366463
82420713
23563669
80813160
-94079801
44920602
24580660
-56733021
-54032359
-35189288
-17411712
48205267
-15301168
40880828
-94287875
-83915550
-97112899
21933630
-66016644
88057212
39842353
-84479182
-88975436
52699063
-74184352
-46348828
93584376
68866277
-94382096
-52907534
67181839
-24025907
46796228
-33482025
-39937019
64660249
1297184
-70417480
-41364771
21262341
18794018
94150905
36559857
-85300487
76682066
-33798487
12450651
-26765102
-52292309
-8736135
-4193819
-8853156
39489543
-81737667
-2449660
-89144371
47011158
46273325
44995110
-83752780
31315219
-25624979
-17642137
33431589
-98861407
39176837
-79723129
42321618
-65940975
10253689
-52483877
93957034
32190857
66034387
84171472
27874912
32971889
-46558999
-12717019
34994510
23322300
-62330937
-3664813
-38927870
-86966024
50700973
-65589407
50632218
-3193194
74866755
36927052
-25336249
-7680139
-24603025
-8056057
44075473
94353958
-49776298
61073903
60981822
-36173892
-34006147
2443410
63095521
39317879
98452392
-6822302
91433583
74945739
13118502
41954563
-35098266
9450643
-3566905
20174697
-48477321
-77214019
62421662
-46144696
14713756
1648172
73246643
97985592
23509933
-73201228
-56395793
-62882800
72894761
79105586
-45139264
-12290717
-43249337
50168836
87363191
16332916
-27765341
-32441761
-26517084
6517476
-32139355
50449055
-48594845
-61256889
-32723612
11284004
63857577
62080644
-35524304
-70820906
-46184300
23739950
-31805506
-90410438
-82294708
71697053
-25659608
-65747489
83348100
21653193
-49634950
17072001
-7078515
-64335122
88855449
-86741314
10114753
-31914977
-67946774
83201608
-87375945
42945701
-66437944
-93812461
-5594831
1883113
-16831542
-17846400
70413813
76591413
40795749
17544685
-20735257
-21448671
-62187715
32819207
-72669773
-68308685
-78579219
-65915946
51511213
200132
36362329
-15681791
16944577
81387790
25723168
28208909
-36432155
27976483
-76939205
-21670966
66663291
82660295
28635446
-10230009
-42295420
-48818441
45515833
57557909
-32880288
2029591
-10346044
-16203879
-62223313
97184747
30423539
95719979
-7139283
-2035339
65402407
44239518
3951872
-24790025
25690104
-17721543
-92913181
-87817320
-14604885
1146107
70158315
-59243788
15632394
57858976
-54719676
92143116
31677040
-63148225
77204511
23997705
-25254497
-93738035
19437477
71748452
73287493
8051556
-42481870
-92780847
59288849
75526832
-30568445
-60284721
-28777782
34848510
13255530
-74837164
-93418672
-50647033
73400583
52406865
-76870372
78048141
87370398
-96870806
-40297597
75189822
-69674610
-91702605
-88045128
-78456447
88759305
79286209
-67723335
-7001203
-66717499
-60213866
-38827378
-65372137
-48559571
89337034
-1898728
68108923
90183475
-69741800
-62495879
-43676409
4991584
31870158
-84107558
71852843
-64735707
31916706
99144229
2538843
-17719629
-66284754
-97391610
83736576
-109238
13385505
3414297
-3641644
38860591
36837695
37075984
-4776650
69198041
-41271882
91267835
-18675097
-90734817
-66965403
65349473
-7570235
-86880435
79100420
-70239401
751796
56146007
66221891
74415543
15691352
20506275
-60238156
-80560380
-17581706
-86668951
-26166661
-46645939
-69069696
-84626974
8745558
27029663
82615056
86351894
48356444
-75412845
-56398207
84061223
82127231
53234059
-66190300
56542464
22760264
-88085007
-75325568
-10168479
97482740
54703832
29466102
87789864
-20261763
-41259997
-19001697
-44729387
-9800308
-49223959
-45607978
-86965271
59887219
4273301
-51123892
-81354551
23265500
-79543240
64663007
-84886811
-65347150
-34883561
-7613349
-28773214
31121276
16041442
-56144067
-1935034
25315766
-82253871
-60469510
73322733
66582147
11595287
48536260
52822043
66951980
62180025
-52464873
-83008688