2000
18676711
-82017792
75670162
32639423
2858793
30593562
-14662839
1977285
2393069
-90374869
95606036
39800710
49520132
58263480
-68307677
44928201
-26874922
43760100
-24975991
-8739870
-99191661
20868885
14145464
-35020008
-51536236
-6536156
20138448
76640924
-61029061
-36586815
-42074779
-87183385
-92565560
-3863370
12140368
40169789
-43960753
-91940399
12502053
-49777538
78283643
-52519110
65564565
-54518857
-55756442
-29315979
20115149
-62394637
-63747
-26003666
47952370
90480120
-90149589
-30573041
78809603
-50079645
-89623266
75197676
41554418
-4839865
88934394
38477586
77309722
-31668320
-69701115
-34211930
-19221633
-14083780
-24384652
89504804
41430305
-24333385
14209929
38808170
-94172034
-11083103
-86119528
-51915137
-69473124
91896150
8890267
-31601364
38602592
-18836539
1354179
-64656691
-18723185
10148261
27875482
-21042762
-21853712
-82280504
-54126485
9233360
-96198666
-93162820
-65839181
47140339
79192904
58353951
57107537
-63758616
-57819270
-14906220
61851278
1137609
41929598
-16025816
59892977
59289312
67463390
-37189061
-33252155
-11658972
8508351
-9762673
-26673967
80254218
-1973044
-11744361
14725432
23522251
-97759819
-97025873
87917157
62816257
-86181219
-28931614
-39537318
-47188695
-54966696
-7558368
66631416
-46833057
4422242
34329748
-75871652
-91152764
46104408
65315970
98806295
86744603
-46782620
-32573108
71675953
90563594
-13008214
36113765
82440023
20514776
-17701162
3238318
89531438
-25924964
-67207631
-25459540
-12603519
69430282
-48790046
-44636689
-30310652
-67068691
-42839971
-59009622
83058092
98623661
14826398
61801906
-56548922
82615124
-84656939
-16139845
-18666726
55246646
13869192
55466090
38632040
90405129
98916709
-16270123
99856819
31586049
12051448
86078164
-45407060
-7895868
99377553
-55179333
-34288601
36595290
49385881
17693603
56739789
-58351288
-14953084
80377508
22969412
-25613134
-40287863
-18937626
50400341
36977448
-89186033
34207893
-12049952
-72428172
56400969
30302756
94948570
31984033
98768005
-28739340
42962261
-76862372
-17934193
39717557
81926987
-83813099
-75164765
93898992
-75193018
97549816
90405631
-48301760
73096278
91600016
-56015156
78219235
-78713222
-97879885
62513466
29078499
-36537434
-64261679
71012662
18814888
42159460
-78160399
12775841
24435758
85543321
-54735421
-19486947
81734742
-1819083
95150059
-82939000
-84477532
84857339
-49396930
78737952
37787485
29573860
-22925880
-71123279
39273119
9694132
50981464
-90757913
22221181
68324339
61498372
-10922348
-52592858
61380262
-83560760
96408259
-94504599
-52230297
3486387
-57258136
64320708
33762515
77904551
-24638293
75049673
4848443
-52194742
-80844332
88583546
74245175
-21032229
-79598298
-38337568
-58701202
-28830730
-53469170
88243523
-44489993
23346040
-62885830
-51609284
-6782717
79513767
2231110
-9943566
-94458137
20847390
-96528031
-12452254
4771340
94531383
-23380164
-87274686
-69191372
63319392
5285999
-16473462
-57654775
-33192359
-90096062
51773942
66589600
15857378
32094716
62321057
-61055911
30265923
-22308731
-39762490
66352408
-18860322
76349083
48200303
-31321952
-10284777
2520737
-66349389
-54729670
35328178
-90941062
17792109
-43744542
40783321
-20381729
-75048637
82717009
74009265
-46221250
-39131566
-68181686
-61637048
-76609398
-74931775
41926556
87548637
10425026
33527991
85087255
17971262
51949039
-92919283
-27798777
-44143466
31544811
-29993936
-62372105
40980654
-14779218
35192907
-55751245
53656989
79999779
55668935
47149553
85586517
16886680
-56866381
-1505841
30382351
42124889
-33717160
76335601
83697228
-42788195
-98332602
-48206140
50972742
-58025919
-91254055
84112068
15079024
-98536153
-40555073
93597387
-91281305
48791095
-4092601
24857508
34107949
-9279267
60881447
-88394378
-89488147
-10610342
-45240392
-16722922
-70431986
20780415
81158684
-23699669
42430081
-26964610
-1782403
99098335
-47423375
-88425507
-32582258
40541648
-48495715
-63678471
93447476
-86547268
33216724
-74988703
-36993999
41182057
-70013180
78275810
14924295
49832637
-15507610
1573324
41523613
-5042308
75764913
-49077448
66876737
48982870
21006851
-52944024
45117097
-49077016
-39278044
-56308187
88666301
-95375503
-89405763
59726436
60504614
-90439362
-9728162
46956629
12420126
-94077873
12531981
-97385938
13096319
-28845807
-48805735
39609271
-56147127
71839252
89740899
55909224
53571672
1518944
-79899700
37104051
77987793
-20678058
-21950182
74763562
31475395
-7234242
-44970295
-79489301
-75797540
24894739
17118599
99649137
85220795
-83496617
22470169
-61675930
-57219917
38056867
-50306257
92967393
1689492
22680207
71842142
992002
-8563645
-33074045
-11514847
-80601308
8114373
84032295
-11381164
-27130777
996782
-65093892
97312212
99340994
67208922
-51584440
-50684593
72670071
-90359864
27780659
-23125598
-9247956
53023425
-47372684
10237636
-64710036
9739766
-14569987
67696023
95192063
21023702
-51060788
98912078
-4500247
64572374
40028201
-93167482
87959260
444615
-39357036
-95835599
59202949
-92166506
70960222
-68389249
96699949
6404515
61695788
-87889513
99224662
11647609
-42585085
74448671
-65958259
-28527938
7953042
-46480283
87192409
-17659189
61554969
-50799835
70301185
89134939
60616070
-42831242
78905525
-95883454
13113730
-13669089
-14344935
-33955812
35739423
-63564208
-22755049
31608506
-56477319
-47393668
49820133
-75521441
61713041
-16365165
10232804
34108793
-7287676
-36353388
71751219
-22074440
19213441
-72901221
15070969
-45653882
-64063787
-32498007
-56257155
36091244
-31814477
80829765
13833864
15161635
96663996
-65789665
-43865441
64773326
17760947
-24222985
-34674943
96358604
1296447
23199988
26326069
-71712146
56695529
-59062482
4828993
25146082
82820004
-680951
-14736351
20591210
15351502
-43074462
82038674
-71893956
-14773289
-15856116
24478808
-13413437
84960489
25723410
-19639824
94869409
26748489
66545239
19193512
-48132344
66117939
21892672
84421541
2231239
76792688
-11063001
-79022375
-82867324
-26816583
-74382955
98989145
-70619260
38395398
472995
13483329
-15334834
-77681327
50483175
97418007
-77098583
-78149808
-14663280
-7717360
-15967052
-11156159
30821531
-58012564
-3474144
32921562
49461979
4000318
53002944
48872584
-95534515
74225828
-43968423
-30342754
-29607887
96956300
60347115
-4729856
79483329
-63244628
82129239
87806385
-32165106
16222668
7726611
-82456928
10226689
-19398372
-30652839
38349923
-80589133
56281783
73915758
3792243
59892559
46983174
63904940
-40094116
-27628389
-40487148
-16868972
-42350627
-30565967
87202658
78833060
-39897568
34363885
47366145
84307701
30918245
-15635523
-13123852
-80540937
87614526
-3980405
-27634063
87833268
-98185834
31081315
70754922
22791282
91188555
1667765
50729804
46484411
-35638698
92780171
-44449311
-78687794
81894788
-93669643
-78152867
-51956371
-22420721
55462984
78132575
15362922
-99061589
-79476745
-22264402
37261506
22782483
-48253163
-41837810
58638493
97524487
93663682
-51269599
-55444413
60676054
-11809148
50506058
49357997
22944810
-14991908
48753236
-26523502
-83717353
-11005865
-46849126
89655974
-96160961
-12881111
-76740230
-11094292
-77815798
-30331688
-25314479
82888178
-12348510
-30513639
78893351
-28989882
83722154
92372301
26005459
-24160493
-93235178
-2192954
-53960754
30738493
73972023
-9998334
47665750
97166968
44097583
-82560334
-24742177
-49845475
-97316959
24532933
73760998
57522302
-5790810
-81299378
-63513010
-24960895
28144681
28115144
83586661
-90873561
-28916536
-83607146
71581684
-42433280
48401866
-42605203
949551
-1296292
64437765
80733709
4342293
-89847685
89678310
98555167
39354357
2752639
-28293326
-50377722
-91197786
42153672
-8793405
-8477622
-29864290
11434653
67224661
69288613
-53623573
-79439912
81727810
-66144015
53469852
-6834031
47825694
24928392
77901594
46610404
5268769
-18701653
51992077
-55887089
80429337
-13176152
-21798588
26468707
15697908
-98973455
94311838
-22881171
-31604729
56504801
70219441
8006260
66876459
-81131943
-11501529
-87842669
-93690469
2119781
-90049414
900146
10155513
56364010
64092220
44251536
-58928746
-7001299
-82278028
-36342328
26109608
-12354844
50452827
39684477
15825389
74408811
-55896815
18370972
5049585
-27773290
40440480
-49019888
69702246
46405020
-90005222
1447080
-92919804
-56831170
-53463636
-71255938
47710512
-86644847
-92182099
77628829
64719065
-74657344
40310444
55198037
14287845
-4791137
75941290
17050811
63059574
-452509
-51187885
75443491
-72053654
99714057
6416839
24456704
22118601
-78654102
-2065408
84387403
-82189973
35583536
-74480926
5172666
-84998855
12276828
-99862376
97938214
-98298825
12355054
76733953
58819492
-90556099
48950846
35108476
-84837736
-91587486
76512449
-38852379
-92820754
39978810
-29766993
-87791675
39675949
-17203902
98131649
-63210693
4982732
47159536
75517383
-28285037
-6569727
-31301307
55472000
62385458
-55706340
-74121940
99387746
-50494121
-25536254
96895609
59397755
-36380499
-89182301
-73541496
74802037
87407625
-78646244
96066138
-11156749
-16366274
121054
61149230
30717856
-52759876
-39632206
-63441999
97825312
-87955783
-35330351
-4001202
-31387108
80652637
38074699
-96317661
47581666
-75570413
-67423410
63967186
6196447
-82767257
-4030844
12882143
-72102808
69186951
-693296
-74620872
-64474730
65482991
-62322208
8652195
80694746
1113956
87732283
67213892
-78510582
-35307705
90782955
-75353777
73025444
19863680
-51038204
-5125478
39778916
2638758
77256944
-64803676
86418244
-57396378
-53941391
-76965326
-82253436
31486670
56941622
31582041
-10948752
-70123179
-61761821
377179
60775207
873052
-86286880
99129817
-8220907
17217443
42216232
-95135601
-31176030
41640387
-9516404
-55970914
-38646618
-57387443
38240975
15283885
-16989713
43005754
9595717
-36331024
35889521
78099309
-94789395
-87016715
-66849790
97923292
68660457
17026530
-98334764
4915666
-15800968
2964614
81456399
57906610
25076420
-852929
42077126
23923789
51127446
-89476576
-46000732
66990200
-5136561
-40877983
-81690198
91914681
5793100
45368486
-16780759
-19913038
34707568
-70327593
-31249088
72152450
-80107253
-46363477
-10198524
-28470913
-3959681
-7971832
-53886763
-86899002
-47212116
69477685
-35693485
-81744875
-65846804
-92691319
-95028785
-34978644
72748252
-5038857
-81332710
44281989
-91529515
-8343428
-8254937
80344371
-70252269
87284719
75916348
38004296
-44859842
-46610119
-25425085
9964338
-19812423
-89291430
-69415256
-33996156
1024465
-27617089
-82147274
48114815
86866838
-57679456
38894593
-93647628
-5702718
70473052
-34170079
-15226326
66019776
39442709
98155721
51013201
17050134
39340725
803754
82171577
-65567771
-50890797
11493948
-41549997
71955563
48552418
67575000
-37225875
40691244
-36625776
7870658
16915563
17338779
-28261761
-78783366
-3514283
-30439680
27689244
-97469332
39367903
-57578032
34341883
-15377283
44947649
-53890168
24239079
-21813251
-48126464
-15890336
-93138899
-83426883
75595354
-86002246
-34184803
-88040284
97020991
-15431150
5990720
39231071
-83679383
-68324748
43580326
-98637458
4195819
61205937
-28616039
-82135286
-29247904
14532764
95112185
-73263287
-91451322
-67872902
-40466270
-32968809
-78360278
92781232
-8403074
-61025092
-11233455
-3185477
-72347236
-26896297
13900844
54885183
6427060
-54824782
84518269
-66117907
-11534436
-26011296
87334172
-88142493
-90260244
-93161954
84697356
-70996495
18435411
-163371
65054079
945958
56290076
-88898056
67240395
-33282923
-21036593
-20862599
-31716481
92015245
-98792173
-31150477
-14437740
54633740
-17672079
-61601456
90750342
-97381946
-30540144
-8011734
45802202
32797308
76446295
42271408
-83538830
37344758
1675938
-92118406
68627002
3149333
-82374808
-98862776
-1661385
-65333112
-52482003
58105112
-34610188
-89811930
44423444
-19777237
83242755
-74681207
12086473
82222929
12641000
50470108
-43999176
-52952493
97832044
-85723138
-59368936
30427015
5860968
-58960397
60697478
-19688990
-62217009
-50946480
56038115
-16812328
48691999
-91257995
48457645
-96273596
32035031
-56748394
-31686426
-69527740
-18268472
-16289741
-43528171
86356785
82541973
-89155994
92678706
-23631044
-26364622
-99423645
82162411
-45244089
-65889510
-58799740
12543199
-85914896
-55831751
-57851853
-57218889
45300118
94144229
57358028
76827700
50847215
-98941205
97509225
94099077
-28093247
-37159873
31963985
5012765
-50663572
-64711743
-98360880
52794362
13809340
-27851542
89190864
-50846509
39756662
41906433
47916716
69772209
-40990373
63098921
67255440
6899088
39921793
-44841487
-12802867
13677388
75309501
94821252
-99606528
-24133415
5862860
82264452
-95455886
71387768
4834577
99882612
-69241550
-24771475
-92692605
37800756
-40977834
-85699575
-56223313
-55151249
-81269195
-46154245
-57282318
-95925903
79476547
-40746468
-15949841
-47212829
-24431596
12614427
-80258505
-80301879
90914268
38437989
-94553850
75247449
-35597876
89673263
-99674709
-96834728
52682180
61418220
9970443
-27965613
-83019326
-97889648
8159687
65128686
-94939413
-57495741
6155837
-970762
-31391937
79326694
-61759354
-86549123
-18160673
-69403325
-98690806
43846857
-41220294
71275189
-68809709
-24187124
-42845868
2079984
73739695
-77196666
93175948
30022421
71270010
-5161185
-82711275
-47955102
25611025
-20492460
-91061988
56689175
-11624827
-52931053
-45858542
-48607111
-8476337
14487322
53015766
45564484
66953661
16246544
43125323
27343655
-3644449
-85532994
68689541
-47326425
-36049972
-17227933
-68624296
-54422425
95281066
41433381
1737577
46098356
-87829396
-79095525
-22239166
38772694
62574706
1814282
64815943
35647390
1268750
-21857991
-64933143
-44424267
-47342286
8405180
57478014
-84955067
-10348376
84713401
49140953
-22437411
2112674
7190637
83547491
95258938
-16432668
36365154
18772507
88524806
-50363403
-51719264
-4572760
-94380224
-71821167
-48408020
57041212
48058273
-82082997
-87805011
-27903061
-89088208
66449496
-41412752
-22546977
-25624570
-5377729
55338319
86589251
47135625
-68746189
-40708535
71312859
21142561
-6322933
-40513289
-36796330
79872918
-34743211
-73417772
42546924
-45008027
56227232
36310232
93718962
-42746835
32120091
-84981759
56264162
12956435
44787348
-81163583
-3547877
-50690791
15420084
-60581187
-91754898
24956463
-91453618
65457670
24234810
39625725
-24090950
-38468854
67487724
-75225407
85318966
42454809
82588284
-54910007
-53288044
44834812
-63339607
-28390312
90044410
-12872434
11192056
9517123
-23726400
3355714
95784539
-90093534
31765807
-23017254
-63663223
-2755724
42942965
64839253
-60898786
54273476
-4707138
-42411754
-80036656
-86230402
-58893200
-7593855
87199456
27884702
-65328512
-95813733
-9527717
73843459
-25340055
27410022
-59091109
-96234521
27270210
33454154
-93545025
93343242
20477485
-43514946
78792548
-53859743
-1340603
3257921
62863367
32748678
97690927
-1591145
2035853
-67509478
43923705
-38362032
81268346
-75373212
-31145495
59973451
-97501086
31710702
94921282
-99897293
-85594396
77970004
-75804394
-7748771
21093536
72742375
66607879
2066497
28603668
32627857
98932633
-35981911
-90846862
20582120
-72597675
-55445094
-76466383
96410270
64820584
-75311570
97197659
74970621
-40578992
-78641147
-33837157
30239294
-23622342
-1981266
77601137
-85473098
-98461246
62886294
-78178169
9707808
17296433
-29317416
93647981
-35592874
24207278
16316107
-35961294
88809719
77779116
74087786
-71670843
-30307709
489073
-57099386
44579028
-17798853
-10930209
-58509710
41278716
13365160
51920749
73925654
-91701768
81263626
-90823545
-6742062
66650811
-74755834
10672574
38586876
29187331
22409761
95242754
31107368
15658019
1155294
18120502
-19693568
52898604
77642066
-43711645
70972979
-78351709
-89423706
-38002214
62595564
-79345870
-39099054
59871824
74943407
6107891
-34585315
20298443
25871918
-34382686
30930314
409727
-6506832
-51321169
-7650898
-20280826
56877570
96411837
39797750
20958436
-41651105
50232357
6827156
21142894
-74274450
-62551240
10514896
90633517
74052904
72980904
64033188
-5368815
98917874
-34657883
93502161
-82920160
35633048
-43275115
89881361
41871582
43408471
95831518
-78744017
-70429826
32808860
-31339750
-48423038
-2171285
-43354495
20704018
97557922
73350437
-74740131
-25431972
-26493937
91351852
-3644173
-97428173
-41664772
-78033644
-59832169
37786414
-89285314
-97260328
-95318479
91773618
-84871331
-57018492
-27456267
-48568150
78318250
37053225
32274393
54811572
86538079
-58623309
66292491
-58434037
65260048
2723819
-35282527
-23382919
-42782384
-69187014
71106033
10246456
42351364
39843711
-38631898
14095169
-58348604
27078787
61361934
-93530107
-36717412
1549372
77085650
-55758056
80751323
-63882743
58502152
74897212
-37714502
-67489154
-67841176
-50861369
12742822
99303498
98647300
-93302850
-90560871
66806140
24840664
39945570
14905704
-44565200
-92973942
91998825
-10834533
-94741431
-89315492
60284382
15173485
64278640
-67771320
-73375596
-3431297
93529823
70034697
27542411
-46065876
85093947
-9411127
-89200667
2957575
13089218
93395753
-36063451
70977202
-93556812
-79198452
-20533446
82632705
61404059
14615320
22798808
-74522977
-70745820
23190360
10701604
-98392048
-21976450
80309809
-45147573
-62003056
-10369350
28691511
-70553255
20396772
35408908
82604487
59571762
-54949512
-19872423
10219568
10710776
46874898
15698924
-9485807
68735635
-93290515
56700152
42677400
75505006
67767263
-79579686
38657583
-56804717
-91839799
62460048
22616772
-3570325
-16578529
80519401
14432866
65969855
-18095004
35701590
-31801824
-96959789
-77858584
99155093
-82686995
-79249637
-91081990
95919280
-81489117
50880072
61478914
-16427769
-15033707
-53492541
-10100499
-51062757
2840523
52450793
-75033792
-56545825
58769637
-3545644
-20455363
-48249928
21078540
-86222730
78402775
82870210
81433355
-96094391
37802993
-53302803
-77334798
26239045
62139861
-77170516
44677144
58385572
34677169
-19322450
-85750542
63182953
9421278
-29385567
40626992
-58828065
-13685880
24159445
67406512
69259536
4669671
61637744
-99450969
98599228
17027504
-63494658
-44723619
-49466687
-59682936
-57185540
-10731020
-11494919
91529254
-73120104
-82024109
54187231
14056752
-47831135
-55685045
-88642229
-67704680
-91279283
-56724002
7265534
89601771
-18227665
-67263613
22765906
-93419892
71877784
-72748349
38935886
22152461
-99588918
-48295908
-70357078
23844808
23664968
45391311
-34936940
51794340
19940002
-9634252
56516349
89954366
26039969
-2911299
34335415
73658775
27245799
14860244
-35766075
-57903474
-82911902
65092780
-23445551
-27841529
-42466235
27951959
-28370586
-23773614
-94677466
-26988447
-24417222
-32226679
37400700
97052284
-55295941
-65811689
21656938
76304511
5371058
-98140691
-82375817
-68127100
35854241
-24179395
-94296764
71730986
-72011964
-44652808
-12310334
99165443
-95830058
85180179
-58483152
-41453419
-68784032
8879368
-98400506
93076687
-60152534
56533105
-45327425
99779877
91006153
63041924
-76820691
-34241696
87449649
10516170
-61349157
-97860802
35770698
-67963146
-16834405
-99898973
7321911
-80449608
-87467047
-99690104
63111823
-60461803
-93468330
46656706
-50351262
-4606700
-88135937
60322582
-49727100
52160187
2955502
-66920074
18545169