200
76513576
-61490632
-71118664
3579592
22037211
2202862
-90928227
9752299
58982488
-35358098
-23563296
-44620081
-82196323
-38207017
62505534
-57860578
-76654709
-19969257
-41250794
-88256631
35609154
-75195755
96365930
31978565
89342582
-63868943
-86681642
302555
-70101654
94734340
-91259381
-55290832
28990747
18871047
-81850169
73594853
63374091
87250594
-16094004
-4666222
45244300
-87256158
24064663
-19609755
52738714
-88128472
69659921
27056526
59340787
-14354187
55834726
83967503
63592053
92494968
55894423
-99252573
-80014648
42076435
-42494127
-52150888
-36584774
-71191805
-78443972
-9939037
7592822
-48019304
14280149
-26954257
75484751
91655062
49077643
22521090
-60548106
-87235282
-82274257
80650106
-5237114
-59681108
-93605087
-32714958
-39222297
30878537
-25180532
53602940
74237852
22038672
8498338
-88546930
95113157
91732308
-81139515
4387987
33641481
-5802298
-23200620
-21824573
78939899
9901850
94858193
87686100
2835416
20281498
-24843340
-65836752
9537255
11935333
85970675
-8516336
-33311075
60106007
99272794
-10180181
-65028808
-75303516
-45047437
59350300
-59159726
-41301909
-57889225
-43125558
-56259112
-12549658
5760531
-34523134
82495457
-79840378
24305556
-39179952
-54383703
-55392550
40883958
80731706
-55964253
24556697
92638985
-6487367
-42739223
21752433
-55372028
19064849
-38580968
-36517272
38467920
9442831
36353199
-83662406
75144433
92213491
-97726145
61305813
-97599555
23683354
74022713
-77037065
27774647
-1792009
-59518128
-33380271
84546301
-98971909
24197078
1190853
-21500732
27555658
4897027
29626248
59997965
61342404
-77049235
-67684371
4835824
-58996229
-21641521
-78995100
-49283849
94160398
-49478134
-88932229
-91352716
-1325950
16385541
76867976
59503203
-29454931
-27525150
48764988
53558282
44383229
-8402171
10712088
63274175
88669866
73665916
-79325518
17450765
11781133
47361120
-27693606
-5817837
27614075