400
15466078
-60915362
-30262657
99792442
72012575
-68502046
-6160184
60578424
-97896215
-84688125
-56122075
22633777
86281282
71253949
-63557392
21292320
-44822363
-24431931
-86423112
59790101
56304842
-20406868
14061681
30464787
50690173
14610777
-66284255
57458790
96001837
28002850
-89345335
-71927492
90420657
42075093
17075334
21222627
-70509741
6263228
31834917
38533947
60696356
3881001
-48591836
-65942500
95955904
44581251
-89586908
-71891122
-29074575
-78370843
11666775
20203405
-36676472
14989068
99844585
11730267
-17981935
-39526500
-875897
-41607626
75088939
-21642585
92451139
-99880679
-72144747
-89691399
-17674654
-57011020
-88950739
-67990035
-40397636
-90690903
28752095
-51299385
-63301371
21630342
-50126315
-34942627
-99872694
-1761603
-97797802
73612160
33339790
-19139831
-73850516
7103690
-16222463
61800278
71869108
-67378473
-5794557
-67800795
-12922186
40557882
-66682170
-6429184
-35753724
21610238
19754123
64427557
13836562
-53938541
-34497680
-3826331
-78245013
-15999222
-48994029
87000641
96353659
-65623735
47000466
99227240
24190512
-73128307
10071087
-21130813
49948102
-99798176
65828620
62070559
-44220752
39487188
-86162297
88103541
66814376
24258635
-21800001
41079046
11538554
38151209
-76843963
65282546
-8151436
-93812727
34734817
15889170
15569239
-53343279
-17246438
-55212990
-66232545
-14839651
-52642564
36770682
47143688
54713284
-69977303
-80531625
-66430661
37808795
56043924
-52188006
71171326
70280179
64348062
43758164
-74765856
-90099478
-47455886
-17111126
14771173
20580855
-23172031
62548463
38535559
-94179555
-70460476
-20952102
-21412728
-69782158
74195227
8341441
-81268314
-28301986
-39697609
80223590
-62002824
24243402
97420731
3978580
-93731319
35817581
-96042192
56038493
94492274
-21343520
-18408313
30119543
81795511
-90317749
-18930235
65226819
87217612
-41632807
-95193718
-30180079
75174301
39874331
-68431382
-93782348
27484332
85501758
96728410
80372364
8833639
57874366
93999235
49196880
70416962
-29745888
38659094
-71665950
23311404
34482667
-3761953
89196053
-52234092
546951
-54122157
55908538
37594572
90972758
88239078
66584646
18326240
-75287681
-74500689
54342741
-98523092
2617289
-50255951
69405504
1520449
-76425429
-53301285
-41571752
-56968336
-75886729
-88091123
-87997141
-27969823
-65494630
-466260
55765178
-6617256
85607078
-29705973
99968283
-9506084
38335168
-9116277
55803942
-8672946
-7983099
16225058
-84388776
-69786785
7693363
67072709
-80364748
-3778256
-8129907
85434972
47942788
66683770
-28520386
-65707176
80271152
-17100004
-76204856
-4479426
37003865
27733718
37215868
95638520
76971109
49470718
90300878
31215639
94803245
2716585
-30178194
50526315
-19580397
-55664894
71683148
-29552269
-53293489
59240550
-95019036
42074601
-19918078
98659411
-55770114
-90638113
-77461306
67678358
-31815702
-44087177
7637798
40533780
-48862283
56655425
83629540
30210896
-72162583
98595435
77617263
41260612
41143545
-8006602
-47447021
-98366899
-79733129
42323523
-76450638
44201092
36978415
53253948
69805732
-17829187
32306822
-6353907
-80199573
21604320
44067891
-98588951
-8348857
-52948425
64627094
42065971
-99492620
84159143
-20880314
-20613011
23721767
-3569322
67988309
30388460
-79956920
49841740
94379794
84169417
13309390
-69249656
62198233
89636785
93580012
-18535052
73327244
-45958133
-61913312
-41191756
-29786641
-31650669
77794645
71557305
-98602071
-5549239
-91596381
28157168
-93622357
88268450
59334926
-40598542
-81170870
81487194
43423424
43140266
-32450151
27646924
21873073
67358544
93084064
-22990100
-4574857
-10099813
-77465806
17824708
24945489
74616695
-97723993
-49851551
-50177587
60923555
74906019
-57146579
-15516164
95323379
6407908
-88782288
-65341867
-48492867
88559435
-78813650
17672543
-3807665
-73161087
-93313933
74549321