600
-15835557
-93388320
-58615370
43893313
83225459
-121449
11261897
47122138
-13457989
62196030
-77309182
-96958456
61217592
-83289082
80527746
-67416056
57275875
-51850199
10550648
-28290915
-54698430
-92614401
-63643687
-49370470
30765539
-7205885
-45429033
-63865891
-71283435
-42330047
-18375753
-13892294
-60822136
-40059733
-25097544
-24048667
-67093708
10703975
31938299
-32214945
-66269622
-97388914
-57759640
23920991
37318707
23651643
-59064750
-72874269
21847786
-53152625
-72537581
90776842
-99313563
34501419
-22615059
21369320
74805978
-74642834
48176083
30797139
8517764
-30310582
-88318664
63480199
20909367
-96894589
-3257587
-57884545
33899818
-16054536
38383497
35397877
-47632910
79186508
74279579
-22610208
79047468
-58255546
-97236044
13558719
-30537149
28250049
-42008087
-3200184
37113731
-91310497
-30405183
97026563
75874973
-48521661
-80708541
-50891310
10099508
-30748132
-77839434
72684047
-77572487
-61416852
-88511541
46515176
-14020258
10942165
21658338
29223332
-13175472
4368353
-38488896
-35639179
-46389631
-87508946
32562126
-747004
80181828
-75563095
1107443
52919512
60859655
99004382
46257014
31332938
-30652508
24564343
-85724190
48639239
-54711950
32640481
3588467
29631888
9052094
76548854
99871162
89469487
31498438
-54414885
67833133
55397074
-39771410
70175845
35322363
64771012
98010096
-78131873
23233317
54428204
-1777624
97630972
16551382
14381151
-40140698
98219701
-82078531
28624949
48498271
-86122533
91751107
10638902
-21003804
99690021
22465300
-12699226
12113550
43804776
-52191358
89551634
-82946553
92488293
37480138
-84666188
-56681211
-90960712
-52316860
40902995
4254977
-25845885
99346357
97017986
-25463874
-56744899
19668676
-49041722
-95944149
27087511
54260082
-10861562
-37895536
41110570
-86814946
75319958
-94261413
38385783
-68309321
63607507
-994017
-66918094
-27469247
57368177
-41126211
-54666559
26871320
70496304
83192962
32670611
-46111353
-53612821
86908728
71090316
66761142
-33480246
83837089
-21700080
54785558
-56354400
-14529412
-17007151
14334470
-37531393
-1110777
73443524
54239421
-13322242
99706751
27345979
-4625937
35119474
19434363
-50966544
1638078
18419396
-77213291
-19605345
51032872
-67894314
-82254816
-67731752
-40580620
8168431
19006281
-6253857
77924868
19229701
33683494
32195296
5352627
-9384484
85065173
-70862726
-48305266
-94928277
-43142051
-17773249
72939012
-65171439
29692259
-20029291
7128618
37601470
97660771
-91367349
-28766787
35858209
-81675652
-24812613
95066294
-19161974
8107807
-426534
75460023
-86395215
17726327
18119004
-12388506
27696306
-52913252
90035214
30273351
40135541
-88937952
56089153
-22045742
-58777283
-24751673
-58420302
-6435296
11048319
37829518
-2156554
11865210
-28882218
22563260
-17798768
-29702395
-10403754
-10016055
77461502
95384083
-39284668
-17696630
97254264
56884510
28199719
-25187787
-62463502
97815480
-42773862
-96543659
-85339389
-23194049
89241254
36907088
-90093930
-6967987
90545259
57038422
-34490685
-54299521
2488400
77929774
-29525519
29871472
90661148
-36763244
40249219
-92083604
64834340
-70499343
55994958
-7944038
4887562
70646371
15131225
-53039882
7067883
31283366
-50015534
-48379788
-4147398
-86750460
-3093796
59257168
81298639
-99933404
-82848634
-43324661
57204313
-31333211
-61087598
59356035
51397059
-9496815
43073971
-94427519
71445920
-77036661
81778196
53653238
20832184
37274134
-10716639
-43254928
20666842
36751064
7776345
94606106
67189903
9730042
-37711885
28930099
60835625
-50394296
46587402
-27033626
12963409
-9009649
4959876
62980780
-17908166
-41862362
-8788398
50851526
70747510
-66049990
-64671696
23478960
-76669956
-12005135
-77788571
-15605304
37797966
-80197306
-4432135
60955215
-74050766
-75878318
-2992932
-73052269
91379296
42954078
73064521
-92750433
-90526890
-51725106
-35442317
58945938
93375057
-83180466
-75999100
-93186132
-15745364
-14618062
60107934
98946632
87789382
-16774296
-38693538
67943563
10098356
-31633918
-85574093
14206979
-34297269
6044531
-9777845
10135497
-66598139
16905680
18408633
-57930319
-37569359
-36534200
83772145
18472392
-81954262
-37670862
-87566737
-35944405
75654391
-14059230
34224274
-59663549
-46759159
57045731
-61526712
16224809
16043314
-73878154
-97517329
71738503
-85962957
49059400
13690248
25803342
-99017695
-28760744
14914894
-80669964
-75777622
-27397650
-6921341
-72798623
-9981508
70171663
11712811
-4479852
72018606
68042411
86464624
11340176
-67503507
28962247
24116865
81730811
-18215092
96398531
-73821370
39976893
24660582
41496431
85052003
18638645
98067161
-60794891
8312878
38791775
-27271922
-3169324
-28709872
92817818
86412450
43496382
-6092979
-87409971
45680442
-23219185
-75312319
-39699375
-69719865
97816627
70895569
80410229
-66537082
90018032
25927920
32738843
-36438250
77694538
-14655071
-33002257
-97128987
-2958349
-10054252
-37368180
-73328679
-65206549
-50639620
-84437088
23473372
94991760
9862603
35435332
-51210477
57235672
-48571372
46017930
63322465
-13020049
28504504
-12797864
-49287656
48663493
-74366983
-62216344
83514443
93660111
-48613607
96783969
-86765459
-67018012
13514904
-20913279
-50610494
-7217931
-17717559
-51702193
76195516
27321666
-37664401
-78315588
-63331364
53333573
-2242249
-52098402
-45430305
93331158
-63227460
-3791943
44850803
78022998
-26476749
-76558679
40842133
-7866065
-89676664
-86728473
-25589361
21702688
23397520
96576376
-85774970
-78121275
64658831
-25451898
-35560915
74899885
-49659689
-53413604
-7627282
-49153480
24008764
-15556626
-22430508
-51564362
40357357
74963072
-65152653
-84021284
-92610570
-45787793
37387534
95680473
54732928
-30506669
-17088971
46012989
61264003
62962549
-54780265
30629392
-72327098
-54704198
52113555