800
-65462553
-2116821
-32586699
-22062006
69399238
-32471498
-88214856
94190779
12999796
65304605
-97901119
-69324026
-17357831
-33085816
-63019224
88226940
89355407
-83882488
12641797
6710514
-70159233
57006214
21848554
-19657093
30357514
-95067312
29702821
-93275353
-2344519
-50263316
18034425
-35908798
-33446309
92579377
-62021638
-50779302
82436261
-67372743
-93285138
66965969
-43486154
2654226
-89747105
-27783247
-70041532
-87180714
68890093
28060025
-44063605
66197807
-28799903
72004424
-39066217
-45770639
36233350
-39875191
-45781365
-1306012
64894674
-35152807
39263761
-1716315
-16555615
-42272821
24227656
21431513
-73628581
38575590
-22034013
81193316
66723450
-99584661
8681584
20539092
-17996020
-66772206
35684137
64402615
87088658
-18653019
14132221
-74209791
80215436
82204412
-82007946
-99312956
-48001226
-17733798
5604684
-57701147
69470456
19749772
-34888366
-11020385
25790054
7694476
-29709058
41315006
-29314549
-97736479
49040995
-64252029
82097500
24653610
-96507498
-74815259
-36885577
-37782931
-13578975
69613949
3168744
55289981
51280707
-91583603
74002651
-90269204
26384922
-56079091
-66721441
-93216866
-21031092
-29936664
-94188370
33107024
-32081841
2324160
-75971329
40602423
-3793143
-86691426
-80869222
-57270690
-5757963
47842805
76775305
-71306219
-51296131
2970093
-71045675
-96307799
24925565
99438673
96070762
92382782
-83491531
-68302718
-74499506
-33787137
68723638
-68865665
-86429812
-8651961
39997581
-63699071
-70772800
-24308588
22716612
38144896
-73959636
81332061
26502239
20551277
52916762
-83551789
82410921
17132643
-9612365
30451627
-97518509
-64482983
71551709
-185040
41578040
-28054946
99948422
-22018129
87041588
52869992
-39583651
-95975978
19551411
-34757275
31433557
-75393928
-65791533
44195965
-32519085
50476067
-17350191
82592018
61511373
-23997500
35136383
-96921026
16067057
-89247285
94835713
-40865374
-59550253
-18317452
-37254854
89122294
-79165707
-59999448
-51693240
-65600617
10267572
53250750
-90220218
8619689
-52132999
8396518
-86277680
-71711112
52105829
31364759
73739122
27042727
-20507307
50750519
3209629
17842278
33184821
64470058
22184682
2751794
-71036117
4297698
-78666905
-6790476
59012640
37193416
-54552671
39189368
82839889
58178999
-46358517
87322160
-96914880
-69098550
-46101977
90423250
-42540589
47609856
-86703425
31868998
25464845
70801808
20387408
17039930
73418783
78105606
-14680031
40697561
89917581
18872925
-12430914
57337144
37325078
-30787342
75468140
-44755074
43445134
-70915585
-1948207
74238453
-1947210
-87717569
48134163
-5926243
94424126
6802649
-70151759
-42050823
51543892
75493253
24186874
-76429989
38673185
-28147093
-29340984
-95282411
21939092
86188276
-45451414
71152675
-96100445
-63804156
-45829006
47365988
15779936
74392433
-36965799
-3455634
84715594
81335036
63766090
96377801
81743851
37289278
98593368
-88564418
22530980
-99284223
-59431388
47375990
-60646201
-13842088
-55876480
6845468
-49152446
-2276936
78716353
27195838
18610458
-98262040
-80977994
68974388
85843992
64974792
-80613967
-91553302
-14350378
-63116663
-44232526
-91025683
15785995
-94400415
-15966913
195817
-85909786
58050488
-65085376
60381390
-52397567
31827571
-16774589
2690700
-74289522
27281943
16374323
66016104
93103076
-24667562
-24522278
-23213652
-92918318
33427618
-76277300
-81018063
-3009769
62934750
79870862
3602263
-44178794
-75928466
-91676381
5243403
-3918469
-20261653
-47947567
24168841
22614518
-56489452
15870604
-77944003
47936336
-15198746
54663776
-21392043
85117172
-71158715
10083554
39882589
17834831
-81364459
-10505154
-55610503
48112465
-9601367
-79188001
63330936
-58553039
-36584032
29067359
11574605
12062570
-65595594
-27677697
-60707234
3164862
49667835
-79521549
-54186661
-25397253
14120463
29403169
-10257188
83176512
-11685064
97176955
98143773
89280901
18650191
-62477330
25951590
79525643
20516278
-37411828
-58388985
68621864
-25788311
-46827066
11015671
-87397208
75941855
-24832649
67246572
-85533672
41712513
63926907
-55417371
44797177
10166936
-9526841
-86546848
-66038407
-77400157
-76640752
-37652787
36691205
73528301
82051948
97921880
-77781441
-8350866
45441145
67676811
-97624533
86152633
40833434
92021359
85622201
-70213368
-20783781
-6396424
-50492095
-51228150
39464034
99365501
22187136
44157020
19104809
81431082
-98887433
-26835624
-62881594
67518546
-80449109
85569636
-36482851
88780603
85834537
-49621832
-75175778
-40450976
2314784
64525915
34476042
4949506
-98633606
-50218603
-85725268
99728006
33849009
-47431716
-42978998
26555063
9620212
9253128
24427697
62549523
-44580384
-63964682
-85033503
85016714
-57229772
22963846
61973214
-85614541
-85820451
15525478
18922523
87433022
82231275
32279011
-62746456
-10399338
16601978
10690185
64803607
-13700059
67759434
-66881865
-76394809
20075806
-17974152
59585055
44003212
-22013968
-99636595
87634246
-92731249
-4917482
-53510617
-83547761
-77749169
66168666
-81497235
-779996
26056279
6745548
-26147947
-9076826
-34131714
-41395239
10199490
-42147450
91855056
85116830
-33409299
79101252
32135302
57493333
80251931
41544597
729504
25875231
15155639
89662714
-42391723
17386689
31713619
-79337302
17156123
45165990
-41423268
-68679525
10018877
19533301
-36116551
-23996043
-5618332
-68442172
67152324
-70516394
21446175
-33993832
-12144902
-75553711
3613360
54808298
-89915491
1220085
29779278
75497516
-2670146
40563147
-22124925
44819445
-27616712
41511261
89487280
22602378
-43134469
72082081
-88398500
-97125549
-87040894
-96055650
64570292
84860342
-4113128
29922868
56131238
85211296
-17379620
-51715390
-18777658
-36778300
-30296920
-85158034
-51752267
27944157
78665632
-26985021
38304583
-31000232
67908420
-2556742
-18108493
-15551773
13425189
39235826
-73586380
67626294
51396950
39694518
94644648
-61215250
66008024
-39433032
66630347
22760065
-7433030
-3543286
26022184
-89575480
-98167563
-46974234
17787296
-82790734
45356503
-30689264
-60287599
-13614586
-90951327
-63630556
-58880725
21338040
-90934455
46260200
58045054
88398664
74033137
-41716499
-22998817
82071137
58816
-6135429
20784609
-85974196
65145765
-27128506
58475385
24812013
38691843
-72623463
5632365
-80706259
40517952
-99336066
-22551942
-85087967
-40053144
12870430
-84742693
46929989
85836060
11519067
-9080790
98890918
-35808992
77182074
7447434
-85149224
31098250
8273356
13545837
-97058178
83761106
24511999
-43551763
42723108
-63592497
-41978005
-64697553
-72288402
60306994
12565035
-22049948
9459431
10691650
73205583
-53823469
-71226392
-91158047
23335611
-40263281
77156292
93673700
11970322
-22825633
23059453
98817485
-48599246
92103942
-31695230
48362363
5075503
67395225
-39014091
9502523
-60355046
-37974032
12378766
-49902989
34953402
76647851
-74282937
-80529385
-33753514
15140356
-9479356
-25106015
77470446
-94778942
-48500660
-69135639
-42317904
11857176
41912299
-38204139
-91246136
-82074004
43203616
79623227
-98854592
19271397
5684045
28810036
-17899389
46029243
32104766
47482800
-51516947
-74757014
-47554061
99208538
48896247
84570444
30726556
78003066
-3096158
-38982773
-45060925
-86109482
-43219639
-80796710
-15523057
-50792634
14768745
13761180
62640871
69455470
2063233
96519626
-21832681
-12049903
-52081569
72544198
-38435956
-1628022
-85106315
23857175
90258180
81299371
-25084078
9258215
12851682
-66026246
59821018
30173686
91928878
24987758
-6662898
-96270838
23809390
16590052
-37141376
-92835497
63944119
-32999126
-57167228
61833050
-53770959
-43719364
73922925
66769189
97708682
-40029614
-87659520
-99542607
-6877549
-4341619
70208205
-19529812
84668798
62379115
28288033